Vertex Count: 1764

Data:

-15.2086 16.3528 -2.3176 0.0882 0.0257 0 1 0
9.8565 16.3528 0 0.3472 0.0384 0 1 0
-8.0351 16.3528 -11.1347 0.1528 0.1209 0 1 0
27.8617 4.3392 -20.3367 0.0455 0.8073 0.4035 -0.0016 -0.915
27.8947 -0.0049 -20.3126 0.0767 0.7746 0.426 -0.0024 -0.9047
-6.3852 0 -21.3932 0.4008 0.9118 -0.2134 -0.001 -0.977
33.2558 3.9692 0 0.0343 0.5555 1 0.0003 0
33.2558 0 0 0.0663 0.5698 1 0 0
33.0441 0 -14.5042 0.0423 0.7052 0.9327 -0.0002 -0.3607
-11.8313 8.1373 -18.6835 0.4679 1 -0.6414 0 -0.7672
-11.8313 0 -18.6835 0.4591 0.9131 -0.6374 -0.0004 -0.7705
-23.0125 0 -4.0029 0.646 0.8501 -0.7955 0 -0.6059
24.2558 9.8813 0 0.1136 0.4712 0.7078 0.7064 -0
29.8813 4.2558 0 0.0352 0.4569 0.7071 0.7071 0
29.8825 4.2553 -13.3294 0.0592 0.325 0.6755 0.7077 -0.2073
26.2829 4.6258 -17.405 0.1016 0.2861 0.4857 0.6148 -0.6214
-6.3485 8.0493 -21.2909 0.426 0.2566 -0.0882 0.6817 -0.7263
-5.4857 9.8812 -19.6764 0.4186 0.2819 -0.0369 0.6642 -0.7467
-11.7728 8.413 -18.5689 0.4875 0.2774 -0.3962 0.7497 -0.53
-22.8938 8.4239 -4.0029 0.6421 0.4135 -0.6921 0.6921 -0.2048
-21.4364 9.8813 -4.0029 0.6202 0.4211 -0.6762 0.6836 -0.2746
6.9242 10 -13.5558 0.2989 0.3484 0 1 0
20.3963 10 -16.4042 0.1685 0.3209 0 1 0
-5.3578 10 -19.4201 0.4182 0.2842 0 1 0
11.5513 10 0 0.2421 0.4836 0 1 0
23.9692 10 0 0.1195 0.4723 0 1 0
24.0044 10 -12.3236 0.1328 0.3541 0 1 0
-9.0476 10 -13.1129 0.4649 0.3458 0 1 0
-10.834 10 -16.7338 0.4781 0.304 0 1 0
-21.1498 10 -4.0029 0.617 0.4218 0 1 0
6.9242 14.4902 -13.5558 0.2864 0.1638 0.1881 0 -0.9822
6.9242 10 -13.5558 0.2978 0.205 0.1881 0 -0.9822
-3.6499 10 -15.5808 0.1804 0.2093 0.1881 0 -0.9822
11.5513 14.4902 0 0.3886 0.0579 0.9962 0 -0.0876
11.5513 10 0 0.4278 0.0921 0.9962 0 -0.0876
10.7393 10 -9.2377 0.3573 0.173 0.9962 0 -0.0876
-9.0476 14.4902 -13.1129 0.1439 0.1444 -0.8022 0 -0.597
-9.0476 10 -13.1129 0.1167 0.1801 -0.8022 0 -0.597
-17.0706 10 -2.333 0.0174 0.0655 -0.8022 0 -0.597
6.8255 14.7622 -13.4687 0.2858 0.1624 0.133 0.7071 -0.6945
-3.5922 14.7628 -15.4631 0.19 0.166 0.133 0.7071 -0.6945
-2.7743 16.248 -13.7942 0.1996 0.1484 0.133 0.7071 -0.6945
9.8565 16.3528 0 0.3472 0.0384 0.6942 0.7169 -0.0641
9.9638 16.2455 0 0.3548 0.0411 0.6942 0.7169 -0.0641
9.2337 16.2486 -7.9067 0.3178 0.1159 0.6942 0.7169 -0.0641
-8.9924 14.7644 -12.9953 0.1436 0.1421 -0.5761 0.6851 -0.4458
-16.9519 14.7767 -2.333 0.0608 0.033 -0.5761 0.6851 -0.4458
-15.4945 16.2341 -2.333 0.0842 0.0274 -0.5761 0.6851 -0.4458
-23.0125 8.1373 0 0.7241 0.9228 -1 0 0
-23.0125 8.1373 -4.0029 0.6762 0.9399 -1 0 0
-23.0125 0 -4.0029 0.646 0.8501 -1 0 0
-21.4364 9.8813 0 0.6313 0.4646 -0.7071 0.7071 0
-21.4364 9.8813 -4.0029 0.6202 0.4211 -0.6762 0.6836 -0.2746
-22.8938 8.4239 -4.0029 0.6421 0.4135 -0.6921 0.6921 -0.2048
-17.0706 10 0 0.5816 0.4753 0 1 0
-17.0706 10 -2.333 0.5757 0.4491 0 1 0
-21.1498 10 -4.0029 0.617 0.4218 0 1 0
-17.0706 14.4902 0 0.0445 0.00889999 -1 0 0
-17.0706 14.4902 -2.333 0.0572 0.0344 -1 0 0
-17.0706 10 -2.333 0.0174 0.0655 -1 0 0
-15.4945 16.2341 0 0.0804 0 -0.7071 0.7071 0
-15.4945 16.2341 -2.333 0.0842 0.0274 -0.7071 0.7071 0
-16.9519 14.7767 -2.333 0.0608 0.033 -0.7071 0.7071 0
-15.2086 16.3528 -2.3176 0.0882 0.0257 0 1 0
-15.2079 16.3528 0 0.0877 0.000699997 0 1 0
9.8565 16.3528 0 0.3472 0.0384 0 1 0
-11.8313 0 -18.6835 0.4591 0.9131 -0.6374 -0.0004 -0.7705
-11.8313 8.1373 -18.6835 0.4679 1 -0.6414 0 -0.7672
-6.404 7.7627 -21.3955 0.3851 0.9926 -0.2274 -0.0004 -0.9738
-11.7728 8.413 -18.5689 0.4875 0.2774 -0.3962 0.7497 -0.53
-10.9709 9.8922 -16.9968 0.4791 0.3008 -0.4193 0.7581 -0.4994
-5.4857 9.8812 -19.6764 0.4186 0.2819 -0.0369 0.6642 -0.7467
-3.6499 10 -15.5808 0.4041 0.3249 0 1 0
-5.3578 10 -19.4201 0.4182 0.2842 0 1 0
-10.834 10 -16.7338 0.4781 0.304 0 1 0
-3.6499 14.4902 -15.5808 0.1891 0.1675 -0.4158 0 -0.9095
-3.6499 10 -15.5808 0.1804 0.2093 -0.4158 0 -0.9095
-9.0476 10 -13.1129 0.1167 0.1801 -0.4158 0 -0.9095
-8.9924 14.7644 -12.9953 0.1436 0.1421 -0.2591 0.7775 -0.5731
-8.2217 16.2465 -11.3568 0.1529 0.123 -0.2591 0.7775 -0.5731
-2.7743 16.248 -13.7942 0.1996 0.1484 -0.2591 0.7775 -0.5731
9.8565 16.3528 0 0.3472 0.0384 0 1 0
-2.6159 16.3528 -13.5421 0.201 0.1474 0 1 0
-8.0351 16.3528 -11.1347 0.1528 0.1209 0 1 0
9.8565 16.3528 0 0.3472 0.0384 0 1 0
5.3669 16.3528 -11.9767 0.2766 0.1443 0 1 0
-2.6159 16.3528 -13.5421 0.201 0.1474 0 1 0
33.0359 3.9692 -14.5253 0 0.7128 0.9296 0.0006 -0.3684
33.0441 0 -14.5042 0.0423 0.7052 0.9327 -0.0002 -0.3607
27.8947 -0.0049 -20.3126 0.0767 0.7746 0.426 -0.0024 -0.9047
24.2861 9.8818 -12.3788 0.1311 0.3529 0.6532 0.7098 -0.2637
29.8825 4.2553 -13.3294 0.0592 0.325 0.6755 0.7077 -0.2073
26.2829 4.6258 -17.405 0.1016 0.2861 0.4857 0.6148 -0.6214
10.7393 10 -9.2377 0.2591 0.3928 0 1 0
24.0044 10 -12.3236 0.1328 0.3541 0 1 0
20.3963 10 -16.4042 0.1685 0.3209 0 1 0
10.7393 14.4902 -9.2377 0.3284 0.1378 0.7494 0 -0.6621
10.7393 10 -9.2377 0.3573 0.173 0.7494 0 -0.6621
6.9242 10 -13.5558 0.2978 0.205 0.7494 0 -0.6621
6.8255 14.7622 -13.4687 0.2858 0.1624 0.465 0.7842 -0.4109
5.4176 16.2487 -12.2248 0.2755 0.1455 0.465 0.7842 -0.4109
9.2337 16.2486 -7.9067 0.3178 0.1159 0.465 0.7842 -0.4109
9.8565 16.3528 0 0.3472 0.0384 0 1 0
9.1461 16.3528 -7.652 0.3192 0.1124 0 1 0
5.3669 16.3528 -11.9767 0.2766 0.1443 0 1 0
20.6826 9.8859 -16.4567 0.1664 0.3221 0.0693 0.8133 -0.5777
-5.4857 9.8812 -19.6764 0.4186 0.2819 0.0693 0.8133 -0.5777
-5.3578 10 -19.4201 0.4182 0.2842 0.0693 0.8133 -0.5777
24.2558 9.8813 0 0.1136 0.4712 0.3848 0.923 0.001
24.2861 9.8818 -12.3788 0.1311 0.3529 0.3848 0.923 0.001
24.0044 10 -12.3236 0.1328 0.3541 0.3848 0.923 0.001
-10.9709 9.8922 -16.9968 0.4791 0.3008 -0.324 0.9092 -0.2614
-21.4364 9.8813 -4.0029 0.6202 0.4211 -0.324 0.9092 -0.2614
-21.1498 10 -4.0029 0.617 0.4218 -0.324 0.9092 -0.2614
-21.1498 10 0 0.6272 0.4656 -0.3827 0.9239 0
-21.1498 10 -4.0029 0.617 0.4218 -0.3827 0.9239 0
-21.4364 9.8813 -4.0029 0.6202 0.4211 -0.3827 0.9239 0
-5.4857 9.8812 -19.6764 0.4186 0.2819 -0.1586 0.932 -0.3258
-10.9709 9.8922 -16.9968 0.4791 0.3008 -0.1586 0.932 -0.3258
-10.834 10 -16.7338 0.4781 0.304 -0.1586 0.932 -0.3258
24.2861 9.8818 -12.3788 0.1311 0.3529 0.3174 0.906 -0.2801
20.6826 9.8859 -16.4567 0.1664 0.3221 0.3174 0.906 -0.2801
20.3963 10 -16.4042 0.1685 0.3209 0.3174 0.906 -0.2801
30 3.9692 0 0.0323 0.4565 0.9244 0.3814 0
30 3.9692 -13.3493 0.0562 0.3236 0.9244 0.3814 0
29.8825 4.2553 -13.3294 0.0592 0.325 0.9244 0.3814 0
26.4037 4.3439 -17.4257 0.0993 0.2853 0.1395 0.2283 -0.9635
-6.404 7.7627 -21.3955 0.4265 0.2551 0.1395 0.2283 -0.9635
-6.3485 8.0493 -21.2909 0.426 0.2566 0.1395 0.2283 -0.9635
-11.8313 8.1373 -18.6835 0.4888 0.2743 -0.7447 0.3504 -0.568
-23.0125 8.1373 -4.0029 0.6455 0.4121 -0.7447 0.3504 -0.568
-22.8938 8.4239 -4.0029 0.6421 0.4135 -0.7447 0.3504 -0.568
-22.8938 8.4239 0 0.6544 0.4583 -0.9239 0.3827 0
-22.8938 8.4239 -4.0029 0.6421 0.4135 -0.9239 0.3827 0
-23.0125 8.1373 -4.0029 0.6455 0.4121 -0.9239 0.3827 0
-6.404 7.7627 -21.3955 0.4265 0.2551 -0.388 0.402 -0.8294
-11.8313 8.1373 -18.6835 0.4888 0.2743 -0.388 0.402 -0.8294
-11.7728 8.413 -18.5689 0.4875 0.2774 -0.388 0.402 -0.8294
30 3.9692 -13.3493 0.0562 0.3236 0.7191 0.3448 -0.6033
26.4037 4.3439 -17.4257 0.0993 0.2853 0.7191 0.3448 -0.6033
26.2829 4.6258 -17.405 0.1016 0.2861 0.7191 0.3448 -0.6033
5.4176 16.2487 -12.2248 0.2755 0.1455 0.0772 0.9139 -0.3984
-2.7743 16.248 -13.7942 0.1996 0.1484 0.0772 0.9139 -0.3984
-2.6159 16.3528 -13.5421 0.201 0.1474 0.0772 0.9139 -0.3984
-8.2217 16.2465 -11.3568 0.1529 0.123 -0.3106 0.9169 -0.2508
-15.4945 16.2341 -2.333 0.0842 0.0274 -0.3106 0.9169 -0.2508
-15.2086 16.3528 -2.3176 0.0882 0.0257 -0.3106 0.9169 -0.2508
-15.2079 16.3528 0 0.0877 0.000699997 -0.3831 0.9237 0.0001
-15.2086 16.3528 -2.3176 0.0882 0.0257 -0.3831 0.9237 0.0001
-15.4945 16.2341 -2.333 0.0842 0.0274 -0.3831 0.9237 0.0001
-8.0351 16.3528 -11.1347 0.1528 0.1209 -0.1408 0.9385 -0.3154
-2.6159 16.3528 -13.5421 0.201 0.1474 -0.1408 0.9385 -0.3154
-2.7743 16.248 -13.7942 0.1996 0.1484 -0.1408 0.9385 -0.3154
5.3669 16.3528 -11.9767 0.2766 0.1443 0.324 0.9022 -0.2847
9.1461 16.3528 -7.652 0.3192 0.1124 0.324 0.9022 -0.2847
9.2337 16.2486 -7.9067 0.3178 0.1159 0.324 0.9022 -0.2847
6.9242 14.4902 -13.5558 0.2864 0.1638 0.1756 0.3582 -0.917
-3.6499 14.4902 -15.5808 0.1891 0.1675 0.1756 0.3582 -0.917
-3.5922 14.7628 -15.4631 0.19 0.166 0.1756 0.3582 -0.917
11.5513 14.4902 0 0.3886 0.0579 0.9246 0.3723 -0.0809
10.7393 14.4902 -9.2377 0.3284 0.1378 0.9246 0.3723 -0.0809
10.6407 14.7622 -9.1505 0.3284 0.1356 0.9246 0.3723 -0.0809
-9.0476 14.4902 -13.1129 0.1439 0.1444 -0.7509 0.3503 -0.5599
-17.0706 14.4902 -2.333 0.0572 0.0344 -0.7509 0.3503 -0.5599
-16.9519 14.7767 -2.333 0.0608 0.033 -0.7509 0.3503 -0.5599
-16.9519 14.7767 0 0.0517 0.00599998 -0.9239 0.3827 0
-16.9519 14.7767 -2.333 0.0608 0.033 -0.9239 0.3827 0
-17.0706 14.4902 -2.333 0.0572 0.0344 -0.9239 0.3827 0
-3.6499 14.4902 -15.5808 0.1891 0.1675 -0.3751 0.4307 -0.8208
-9.0476 14.4902 -13.1129 0.1439 0.1444 -0.3751 0.4307 -0.8208
-8.9924 14.7644 -12.9953 0.1436 0.1421 -0.3751 0.4307 -0.8208
10.7393 14.4902 -9.2377 0.3284 0.1378 0.6746 0.4356 -0.596
6.9242 14.4902 -13.5558 0.2864 0.1638 0.6746 0.4356 -0.596
6.8255 14.7622 -13.4687 0.2858 0.1624 0.6746 0.4356 -0.596
11.4326 14.7767 0 0.3805 0.0534 0.7018 0.7095 -0.0631
10.6407 14.7622 -9.1505 0.3284 0.1356 0.7018 0.7095 -0.0631
9.2337 16.2486 -7.9067 0.3178 0.1159 0.7018 0.7095 -0.0631
26.1918 -6.3528 0 0.1768 0.5743 0 -1 0
-19.3758 -6.3528 0 0.6209 0.7504 0 -1 0
-19.3758 -6.3528 -4.0029 0.5937 0.7848 0 -1 0
26.656 -6.3528 -11.2761 0.1438 0.6788 0 -1 0
-19.3758 -6.3528 -4.0029 0.5937 0.7848 0 -1 0
-10.4322 -6.3528 -16.1325 0.4588 0.8494 0 -1 0
23.0412 -6.3528 -15.3547 0.1644 0.7207 0 -1 0
-10.4322 -6.3528 -16.1325 0.4588 0.8494 0 -1 0
-4.9861 -6.3528 -18.8423 0.4064 0.8483 0 -1 0
-19.3758 -6.3528 -4.0029 0.5937 0.7848 -0.7327 -0.4008 -0.55
-23.0125 0 -4.0029 0.646 0.8501 -0.7327 -0.4008 -0.55
-11.8313 0 -18.6835 0.4591 0.9131 -0.7327 -0.4008 -0.55
-19.3758 -6.3528 0 0.6209 0.7504 -0.8679 -0.4968 0
-23.0125 0 0 0.6894 0.8255 -0.8679 -0.4968 0
-23.0125 0 -4.0029 0.646 0.8501 -0.8679 -0.4968 0
26.656 -6.3528 -11.2761 0.1438 0.6788 0.8724 -0.4884 0.0164
30 0 -13.3493 0.0755 0.6985 0.8724 -0.4884 0.0164
30 0 0 0.0928 0.5617 0.8724 -0.4884 0.0164
23.0412 -6.3528 -15.3547 0.1644 0.7207 0.6388 -0.521 -0.5661
26.3852 0 -17.4279 0.1015 0.7532 0.6388 -0.521 -0.5661
30 0 -13.3493 0.0755 0.6985 0.6388 -0.521 -0.5661
-4.9861 -6.3528 -18.8423 0.4064 0.8483 0.1137 -0.3551 -0.9279
-6.3852 0 -21.3932 0.4008 0.9118 0.1137 -0.3551 -0.9279
26.3852 0 -17.4279 0.1015 0.7532 0.1137 -0.3551 -0.9279
-10.4322 -6.3528 -16.1325 0.4588 0.8494 -0.4051 -0.4161 -0.8141
-11.8313 0 -18.6835 0.4591 0.9131 -0.4051 -0.4161 -0.8141
-6.3852 0 -21.3932 0.4008 0.9118 -0.4051 -0.4161 -0.8141
33.2558 0 0 0.0663 0.5698 0 -1 0
30 0 0 0.0928 0.5617 0 -1 0
30 0 -13.3493 0.0755 0.6985 0 -1 0
33.0359 3.9692 -14.5253 0.0271 0.3072 0 1 0
30 3.9692 -13.3493 0.0562 0.3236 0 1 0
30 3.9692 0 0.0323 0.4565 0 1 0
27.8617 4.3392 -20.3367 0.0866 0.255 0.0384 0.9984 0.0411
26.4037 4.3439 -17.4257 0.0993 0.2853 0.0384 0.9984 0.0411
30 3.9692 -13.3493 0.0562 0.3236 0.0384 0.9984 0.0411
27.8617 4.3392 -20.3367 0.0866 0.255 0.0979 0.9941 0.0474
-6.404 7.7627 -21.3955 0.4265 0.2551 0.0979 0.9941 0.0474
26.4037 4.3439 -17.4257 0.0993 0.2853 0.0979 0.9941 0.0474
27.8947 -0.0049 -20.3126 0.0767 0.7746 -0.0002 -1 0.0016
26.3852 0 -17.4279 0.1015 0.7532 -0.0002 -1 0.0016
-6.3852 0 -21.3932 0.4008 0.9118 -0.0002 -1 0.0016
33.0441 0 -14.5042 0.0423 0.7052 -0.0004 -1 0.0008
30 0 -13.3493 0.0755 0.6985 -0.0004 -1 0.0008
26.3852 0 -17.4279 0.1015 0.7532 -0.0004 -1 0.0008
9.8565 16.3528 0 0.3472 0.0384 0 1 0
-15.2086 16.3528 2.3176 0.0882 0.0257 0 1 0
-8.0351 16.3528 11.1347 0.1528 0.1209 0 1 0
27.8617 4.3392 20.3367 0.0455 0.8073 0.4035 -0.0016 0.915
-6.404 7.7627 21.3955 0.3851 0.9926 -0.2274 -0.0004 0.9738
-6.3852 0 21.3932 0.4008 0.9118 -0.2134 -0.001 0.977
33.2558 3.9692 0 0.0343 0.5555 1 0.0003 0
33.0359 3.9692 14.5253 0 0.7128 0.9296 0.0006 0.3684
33.0441 0 14.5042 0.0423 0.7052 0.9327 -0.0002 0.3607
-11.8313 8.1373 18.6835 0.4679 1 -0.6414 0 0.7672
-23.0125 8.1373 4.0029 0.6762 0.9399 -0.7955 0 0.6059
-23.0125 0 4.0029 0.646 0.8501 -0.7955 0 0.6059
24.2558 9.8813 0 0.1136 0.4712 0.7078 0.7064 -0
24.2861 9.8818 12.3788 0.1311 0.3529 0.6532 0.7098 0.2637
29.8825 4.2553 13.3294 0.0592 0.325 0.6755 0.7077 0.2073
26.2829 4.6258 17.405 0.1016 0.2861 0.4857 0.6148 0.6214
20.6826 9.8859 16.4567 0.1664 0.3221 0.2792 0.4502 0.8482
-5.4857 9.8812 19.6764 0.4186 0.2819 -0.0369 0.6642 0.7467
-11.7728 8.413 18.5689 0.4875 0.2774 -0.3962 0.7497 0.53
-10.9709 9.8922 16.9968 0.4791 0.3008 -0.4193 0.7581 0.4994
-21.4364 9.8813 4.0029 0.6202 0.4211 -0.6762 0.6836 0.2746
6.9242 10 13.5558 0.2989 0.3484 0 1 0
-3.6499 10 15.5808 0.4041 0.3249 0 1 0
-5.3578 10 19.4201 0.4182 0.2842 0 1 0
11.5513 10 0 0.2421 0.4836 0 1 0
10.7393 10 9.2377 0.2591 0.3928 0 1 0
24.0044 10 12.3236 0.1328 0.3541 0 1 0
-9.0476 10 13.1129 0.4649 0.3458 0 1 0
-17.0706 10 2.333 0.5757 0.4491 0 1 0
-21.1498 10 4.0029 0.617 0.4218 0 1 0
6.9242 14.4902 13.5558 0.2864 0.1638 0.1881 0 0.9822
-3.6499 14.4902 15.5808 0.1891 0.1675 0.1881 0 0.9822
-3.6499 10 15.5808 0.1804 0.2093 0.1881 0 0.9822
11.5513 14.4902 0 0.3886 0.0579 0.9962 0 0.0876
10.7393 14.4902 9.2377 0.3284 0.1378 0.9962 0 0.0876
10.7393 10 9.2377 0.3573 0.173 0.9962 0 0.0876
-9.0476 14.4902 13.1129 0.1439 0.1444 -0.8022 0 0.597
-17.0706 14.4902 2.333 0.0572 0.0344 -0.8022 0 0.597
-17.0706 10 2.333 0.0174 0.0655 -0.8022 0 0.597
6.8255 14.7622 13.4687 0.2858 0.1624 0.133 0.7071 0.6945
5.4176 16.2487 12.2248 0.2755 0.1455 0.133 0.7071 0.6945
-2.7743 16.248 13.7942 0.1996 0.1484 0.133 0.7071 0.6945
9.8565 16.3528 0 0.3472 0.0384 0.6942 0.7169 0.0641
9.1461 16.3528 7.652 0.3192 0.1124 0.6942 0.7169 0.0641
9.2337 16.2486 7.9067 0.3178 0.1159 0.6942 0.7169 0.0641
-8.9924 14.7644 12.9953 0.1436 0.1421 -0.5761 0.6851 0.4458
-8.2217 16.2465 11.3568 0.1529 0.123 -0.5761 0.6851 0.4458
-15.4945 16.2341 2.333 0.0842 0.0274 -0.5761 0.6851 0.4458
-23.0125 8.1373 0 0.7241 0.9228 -1 0 0
-23.0125 0 0 0.6894 0.8255 -1 0 0
-23.0125 0 4.0029 0.646 0.8501 -1 0 0
-21.4364 9.8813 0 0.6313 0.4646 -0.7071 0.7071 0
-22.8938 8.4239 0 0.6544 0.4583 -0.7071 0.7071 0
-22.8938 8.4239 4.0029 0.6421 0.4135 -0.6921 0.6921 0.2048
-17.0706 10 0 0.5816 0.4753 0 1 0
-21.1498 10 0 0.6272 0.4656 0 1 0
-21.1498 10 4.0029 0.617 0.4218 0 1 0
-17.0706 14.4902 0 0.0445 0.00889999 -1 0 0
-17.0706 10 0 0 0.0424 -1 0 0
-17.0706 10 2.333 0.0174 0.0655 -1 0 0
-15.4945 16.2341 0 0.0804 0 -0.7071 0.7071 0
-16.9519 14.7767 0 0.0517 0.00599998 -0.7071 0.7071 0
-16.9519 14.7767 2.333 0.0608 0.033 -0.7071 0.7071 0
-15.2079 16.3528 0 0.0877 0.000699997 0 1 0
-15.2086 16.3528 2.3176 0.0882 0.0257 0 1 0
9.8565 16.3528 0 0.3472 0.0384 0 1 0
-11.8313 0 18.6835 0.4591 0.9131 -0.6374 -0.0004 0.7705
-6.3852 0 21.3932 0.4008 0.9118 -0.2134 -0.001 0.977
-6.404 7.7627 21.3955 0.3851 0.9926 -0.2274 -0.0004 0.9738
-11.7728 8.413 18.5689 0.4875 0.2774 -0.3962 0.7497 0.53
-6.3485 8.0493 21.2909 0.426 0.2566 -0.0882 0.6817 0.7263
-5.4857 9.8812 19.6764 0.4186 0.2819 -0.0369 0.6642 0.7467
-3.6499 10 15.5808 0.4041 0.3249 0 1 0
-9.0476 10 13.1129 0.4649 0.3458 0 1 0
-10.834 10 16.7338 0.4781 0.304 0 1 0
-3.6499 14.4902 15.5808 0.1891 0.1675 -0.4158 0 0.9095
-9.0476 14.4902 13.1129 0.1439 0.1444 -0.4158 0 0.9095
-9.0476 10 13.1129 0.1167 0.1801 -0.4158 0 0.9095
-8.9924 14.7644 12.9953 0.1436 0.1421 -0.2591 0.7775 0.5731
-3.5922 14.7628 15.4631 0.19 0.166 -0.2591 0.7775 0.5731
-2.7743 16.248 13.7942 0.1996 0.1484 -0.2591 0.7775 0.5731
-2.6159 16.3528 13.5421 0.201 0.1474 0 1 0
9.8565 16.3528 0 0.3472 0.0384 0 1 0
-8.0351 16.3528 11.1347 0.1528 0.1209 0 1 0
5.3669 16.3528 11.9767 0.2766 0.1443 0 1 0
9.8565 16.3528 0 0.3472 0.0384 0 1 0
-2.6159 16.3528 13.5421 0.201 0.1474 0 1 0
33.0359 3.9692 14.5253 0 0.7128 0.9296 0.0006 0.3684
27.8617 4.3392 20.3367 0.0455 0.8073 0.4035 -0.0016 0.915
27.8947 -0.0049 20.3126 0.0767 0.7746 0.426 -0.0024 0.9047
24.2861 9.8818 12.3788 0.1311 0.3529 0.6532 0.7098 0.2637
20.6826 9.8859 16.4567 0.1664 0.3221 0.2792 0.4502 0.8482
26.2829 4.6258 17.405 0.1016 0.2861 0.4857 0.6148 0.6214
10.7393 10 9.2377 0.2591 0.3928 0 1 0
6.9242 10 13.5558 0.2989 0.3484 0 1 0
20.3963 10 16.4042 0.1685 0.3209 0 1 0
10.7393 14.4902 9.2377 0.3284 0.1378 0.7494 0 0.6621
6.9242 14.4902 13.5558 0.2864 0.1638 0.7494 0 0.6621
6.9242 10 13.5558 0.2978 0.205 0.7494 0 0.6621
6.8255 14.7622 13.4687 0.2858 0.1624 0.465 0.7842 0.4109
10.6407 14.7622 9.1505 0.3284 0.1356 0.465 0.7842 0.4109
9.2337 16.2486 7.9067 0.3178 0.1159 0.465 0.7842 0.4109
9.1461 16.3528 7.652 0.3192 0.1124 0 1 0
9.8565 16.3528 0 0.3472 0.0384 0 1 0
5.3669 16.3528 11.9767 0.2766 0.1443 0 1 0
20.6826 9.8859 16.4567 0.1664 0.3221 0.0693 0.8133 0.5777
20.3963 10 16.4042 0.1685 0.3209 0.0693 0.8133 0.5777
-5.3578 10 19.4201 0.4182 0.2842 0.0693 0.8133 0.5777
24.2558 9.8813 0 0.1136 0.4712 0.3848 0.923 -0.001
23.9692 10 0 0.1195 0.4723 0.3848 0.923 -0.001
24.0044 10 12.3236 0.1328 0.3541 0.3848 0.923 -0.001
-10.9709 9.8922 16.9968 0.4791 0.3008 -0.324 0.9092 0.2614
-10.834 10 16.7338 0.4781 0.304 -0.324 0.9092 0.2614
-21.1498 10 4.0029 0.617 0.4218 -0.324 0.9092 0.2614
-21.1498 10 0 0.6272 0.4656 -0.3827 0.9239 0
-21.4364 9.8813 0 0.6313 0.4646 -0.3827 0.9239 0
-21.4364 9.8813 4.0029 0.6202 0.4211 -0.3827 0.9239 0
-5.4857 9.8812 19.6764 0.4186 0.2819 -0.1586 0.932 0.3258
-5.3578 10 19.4201 0.4182 0.2842 -0.1586 0.932 0.3258
-10.834 10 16.7338 0.4781 0.304 -0.1586 0.932 0.3258
24.2861 9.8818 12.3788 0.1311 0.3529 0.3174 0.906 0.2801
24.0044 10 12.3236 0.1328 0.3541 0.3174 0.906 0.2801
20.3963 10 16.4042 0.1685 0.3209 0.3174 0.906 0.2801
30 3.9692 0 0.0323 0.4565 0.9244 0.3814 -0
29.8813 4.2558 0 0.0352 0.4569 0.9244 0.3814 -0
29.8825 4.2553 13.3294 0.0592 0.325 0.9244 0.3814 -0
26.4037 4.3439 17.4257 0.0993 0.2853 0.1395 0.2283 0.9635
26.2829 4.6258 17.405 0.1016 0.2861 0.1395 0.2283 0.9635
-6.3485 8.0493 21.2909 0.426 0.2566 0.1395 0.2283 0.9635
-11.8313 8.1373 18.6835 0.4888 0.2743 -0.7447 0.3504 0.568
-11.7728 8.413 18.5689 0.4875 0.2774 -0.7447 0.3504 0.568
-22.8938 8.4239 4.0029 0.6421 0.4135 -0.7447 0.3504 0.568
-22.8938 8.4239 0 0.6544 0.4583 -0.9239 0.3827 0
-23.0125 8.1373 0 0.6579 0.4573 -0.9239 0.3827 0
-23.0125 8.1373 4.0029 0.6455 0.4121 -0.9239 0.3827 0
-6.404 7.7627 21.3955 0.4265 0.2551 -0.388 0.402 0.8294
-6.3485 8.0493 21.2909 0.426 0.2566 -0.388 0.402 0.8294
-11.7728 8.413 18.5689 0.4875 0.2774 -0.388 0.402 0.8294
30 3.9692 13.3493 0.0562 0.3236 0.7191 0.3448 0.6033
29.8825 4.2553 13.3294 0.0592 0.325 0.7191 0.3448 0.6033
26.2829 4.6258 17.405 0.1016 0.2861 0.7191 0.3448 0.6033
5.4176 16.2487 12.2248 0.2755 0.1455 0.0772 0.9139 0.3984
5.3669 16.3528 11.9767 0.2766 0.1443 0.0772 0.9139 0.3984
-2.6159 16.3528 13.5421 0.201 0.1474 0.0772 0.9139 0.3984
-8.2217 16.2465 11.3568 0.1529 0.123 -0.3106 0.9169 0.2508
-8.0351 16.3528 11.1347 0.1528 0.1209 -0.3106 0.9169 0.2508
-15.2086 16.3528 2.3176 0.0882 0.0257 -0.3106 0.9169 0.2508
-15.2079 16.3528 0 0.0877 0.000699997 -0.3831 0.9237 -0.0001
-15.4945 16.2341 0 0.0804 0 -0.3831 0.9237 -0.0001
-15.4945 16.2341 2.333 0.0842 0.0274 -0.3831 0.9237 -0.0001
-8.0351 16.3528 11.1347 0.1528 0.1209 -0.1408 0.9385 0.3154
-8.2217 16.2465 11.3568 0.1529 0.123 -0.1408 0.9385 0.3154
-2.7743 16.248 13.7942 0.1996 0.1484 -0.1408 0.9385 0.3154
5.3669 16.3528 11.9767 0.2766 0.1443 0.324 0.9022 0.2847
5.4176 16.2487 12.2248 0.2755 0.1455 0.324 0.9022 0.2847
9.2337 16.2486 7.9067 0.3178 0.1159 0.324 0.9022 0.2847
6.9242 14.4902 13.5558 0.2864 0.1638 0.1756 0.3582 0.917
6.8255 14.7622 13.4687 0.2858 0.1624 0.1756 0.3582 0.917
-3.5922 14.7628 15.4631 0.19 0.166 0.1756 0.3582 0.917
11.5513 14.4902 0 0.3886 0.0579 0.9246 0.3723 0.0809
11.4326 14.7767 0 0.3805 0.0534 0.9246 0.3723 0.0809
10.6407 14.7622 9.1505 0.3284 0.1356 0.9246 0.3723 0.0809
-9.0476 14.4902 13.1129 0.1439 0.1444 -0.7509 0.3503 0.5599
-8.9924 14.7644 12.9953 0.1436 0.1421 -0.7509 0.3503 0.5599
-16.9519 14.7767 2.333 0.0608 0.033 -0.7509 0.3503 0.5599
-16.9519 14.7767 0 0.0517 0.00599998 -0.9239 0.3827 0
-17.0706 14.4902 0 0.0445 0.00889999 -0.9239 0.3827 0
-17.0706 14.4902 2.333 0.0572 0.0344 -0.9239 0.3827 0
-3.6499 14.4902 15.5808 0.1891 0.1675 -0.3751 0.4307 0.8208
-3.5922 14.7628 15.4631 0.19 0.166 -0.3751 0.4307 0.8208
-8.9924 14.7644 12.9953 0.1436 0.1421 -0.3751 0.4307 0.8208
10.7393 14.4902 9.2377 0.3284 0.1378 0.6746 0.4356 0.596
10.6407 14.7622 9.1505 0.3284 0.1356 0.6746 0.4356 0.596
6.8255 14.7622 13.4687 0.2858 0.1624 0.6746 0.4356 0.596
11.4326 14.7767 0 0.3805 0.0534 0.7018 0.7095 0.0631
9.9638 16.2455 0 0.3548 0.0411 0.7018 0.7095 0.0631
9.2337 16.2486 7.9067 0.3178 0.1159 0.7018 0.7095 0.0631
26.1918 -6.3528 0 0.1768 0.5743 0 -1 0
26.656 -6.3528 11.2761 0.1438 0.6788 0 -1 0
-19.3758 -6.3528 4.0029 0.5937 0.7848 0 -1 0
26.656 -6.3528 11.2761 0.1438 0.6788 0 -1 0
23.0412 -6.3528 15.3547 0.1644 0.7207 0 -1 0
-10.4322 -6.3528 16.1325 0.4588 0.8494 0 -1 0
-10.4322 -6.3528 16.1325 0.4588 0.8494 0 -1 0
23.0412 -6.3528 15.3547 0.1644 0.7207 0 -1 0
-4.9861 -6.3528 18.8423 0.4064 0.8483 0 -1 0
-19.3758 -6.3528 4.0029 0.5937 0.7848 -0.7327 -0.4008 0.55
-10.4322 -6.3528 16.1325 0.4588 0.8494 -0.7327 -0.4008 0.55
-11.8313 0 18.6835 0.4591 0.9131 -0.7327 -0.4008 0.55
-19.3758 -6.3528 0 0.6209 0.7504 -0.8679 -0.4968 0
-19.3758 -6.3528 4.0029 0.5937 0.7848 -0.8679 -0.4968 0
-23.0125 0 4.0029 0.646 0.8501 -0.8679 -0.4968 0
26.656 -6.3528 11.2761 0.1438 0.6788 0.8724 -0.4884 -0.0164
26.1918 -6.3528 0 0.1768 0.5743 0.8724 -0.4884 -0.0164
30 0 0 0.0928 0.5617 0.8724 -0.4884 -0.0164
23.0412 -6.3528 15.3547 0.1644 0.7207 0.6388 -0.521 0.5661
26.656 -6.3528 11.2761 0.1438 0.6788 0.6388 -0.521 0.5661
30 0 13.3493 0.0755 0.6985 0.6388 -0.521 0.5661
-4.9861 -6.3528 18.8423 0.4064 0.8483 0.1137 -0.3551 0.9279
23.0412 -6.3528 15.3547 0.1644 0.7207 0.1137 -0.3551 0.9279
26.3852 0 17.4279 0.1015 0.7532 0.1137 -0.3551 0.9279
-10.4322 -6.3528 16.1325 0.4588 0.8494 -0.4051 -0.4161 0.8141
-4.9861 -6.3528 18.8423 0.4064 0.8483 -0.4051 -0.4161 0.8141
-6.3852 0 21.3932 0.4008 0.9118 -0.4051 -0.4161 0.8141
33.2558 0 0 0.0663 0.5698 0 -1 0
33.0441 0 14.5042 0.0423 0.7052 0 -1 0
30 0 13.3493 0.0755 0.6985 0 -1 0
33.0359 3.9692 14.5253 0.0271 0.3072 0 1 0
33.2558 3.9692 0 0 0.4509 0 1 0
30 3.9692 0 0.0323 0.4565 0 1 0
27.8617 4.3392 20.3367 0.0866 0.255 0.0384 0.9984 -0.0411
33.0359 3.9692 14.5253 0.0271 0.3072 0.0384 0.9984 -0.0411
30 3.9692 13.3493 0.0562 0.3236 0.0384 0.9984 -0.0411
-6.404 7.7627 21.3955 0.4265 0.2551 0.0979 0.9941 -0.0474
27.8617 4.3392 20.3367 0.0866 0.255 0.0979 0.9941 -0.0474
26.4037 4.3439 17.4257 0.0993 0.2853 0.0979 0.9941 -0.0474
26.3852 0 17.4279 0.1015 0.7532 -0.0002 -1 -0.0016
27.8947 -0.0049 20.3126 0.0767 0.7746 -0.0002 -1 -0.0016
-6.3852 0 21.3932 0.4008 0.9118 -0.0002 -1 -0.0016
33.0441 0 14.5042 0.0423 0.7052 -0.0004 -1 -0.0008
27.8947 -0.0049 20.3126 0.0767 0.7746 -0.0004 -1 -0.0008
26.3852 0 17.4279 0.1015 0.7532 -0.0004 -1 -0.0008
-39.7196 3.8398 -2.3515 0.5454 0.3978 -0 -0 -1
-87.2465 3.8398 -2.3515 0 0.3978 -0 -0 -1
-87.2466 5.5025 -1.6627 0 0.375 -0 0.7071 -0.7071
-39.7196 5.5025 -1.6627 0.5454 0.375 -0 0.7071 -0.7071
-87.2466 5.5025 -1.6627 0 0.375 -0 0.7071 -0.7071
-87.2466 6.1912 0 0 0.3523 -0 1 -0
-39.7196 6.1912 0 0.5454 0.3523 -0 1 0
-87.2466 6.1912 0 0 0.3523 -0 1 -0
-87.2466 5.5025 1.6627 0 0.3295 0 0.7071 0.7071
-39.7196 5.5025 1.6627 0.5454 0.5117 0 0.7071 0.7071
-87.2466 5.5025 1.6627 0 0.5117 0 0.7071 0.7071
-87.2466 3.8398 2.3515 0 0.4889 0 -0 1
-39.7196 3.8398 2.3515 0.5454 0.4889 0 -0 1
-87.2466 3.8398 2.3515 0 0.4889 0 -0 1
-87.2466 2.177 1.6627 0 0.4662 0 -0.7071 0.7071
-39.7196 2.177 1.6627 0.5454 0.4662 0 -0.7071 0.7071
-87.2466 2.177 1.6627 0 0.4662 0 -0.7071 0.7071
-87.2466 1.4883 0 0 0.4434 0 -1 0
-39.7196 1.4883 0 0.5454 0.4434 0 -1 0
-87.2466 1.4883 0 0 0.4434 0 -1 0
-87.2466 2.177 -1.6627 0 0.4206 -0 -0.7071 -0.7071
-39.7196 2.177 -1.6627 0.5454 0.4206 -0 -0.7071 -0.7071
-87.2466 2.177 -1.6627 0 0.4206 -0 -0.7071 -0.7071
-87.2465 3.8398 -2.3515 0 0.3978 -0 -0 -1
-0.6486 3.8398 3.1296 0.8446 0.6923 1 0 -0
-0.6486 1.6268 2.2129 0.8179 0.6813 1 0 -0
-0.6486 0.7102 -0 0.8069 0.6546 1 0 -0
-0.6486 6.9693 -0 0.8823 0.6546 1 0 -0
-0.6486 6.0527 2.2129 0.8713 0.6813 1 0 -0
-0.6486 3.8398 3.1296 0.8446 0.6923 1 0 -0
-0.6486 3.8398 -3.1296 0.8446 0.6169 1 0 -0
-0.6486 6.0527 -2.2129 0.8713 0.6279 1 0 -0
-0.6486 6.9693 -0 0.8823 0.6546 1 0 -0
-0.6486 3.8398 -3.1296 0.8446 0.6169 1 0 -0
-0.6486 0.7102 -0 0.8069 0.6546 1 0 -0
-0.6486 1.6268 -2.2129 0.8179 0.6279 1 0 -0
-42.9758 5.2873 1.4476 0.6391 0.4696 -1 -0 0
-42.9758 5.8869 0 0.6463 0.487 -1 -0 0
-42.9758 5.2873 -1.4476 0.6391 0.5045 -1 -0 0
-42.9758 2.3922 1.4476 0.6042 0.4696 -1 -0 0
-42.9758 3.8398 2.0472 0.6216 0.4624 -1 -0 0
-42.9758 5.2873 1.4476 0.6391 0.4696 -1 -0 0
-42.9758 2.3922 -1.4476 0.6042 0.5045 -1 -0 0
-42.9758 1.7926 0 0.597 0.487 -1 -0 0
-42.9758 2.3922 1.4476 0.6042 0.4696 -1 -0 0
-42.9758 2.3922 -1.4476 0.6042 0.5045 -1 -0 0
-42.9758 5.2873 -1.4476 0.6391 0.5045 -1 -0 0
-42.9758 3.8398 -2.0472 0.6216 0.5117 -1 -0 0
-88.6781 3.8398 -5.1405 0.04 0.0347 -0 -0 -1
-101.751 3.8398 -5.1405 0.2498 0.0347 -0 -0 -1
-101.751 7.4747 -3.6349 0.2498 0 -0 0.7071 -0.7071
-39.7196 6.1237 -2.284 0.4392 0.7439 -0 0.7071 -0.7071
-0.6486 6.1237 -2.284 0 0.7439 -0 0.7071 -0.7071
-0.6486 3.8398 -3.23 0 0.7759 -0 0 -1
-88.6781 7.4747 -3.6349 0.04 0.2779 -0 0.7071 -0.7071
-101.751 7.4747 -3.6349 0.2498 0.2779 -0 0.7071 -0.7071
-101.751 8.9803 0 0.2498 0.2432 -0 1 0
-39.7196 7.0698 0 0.4392 0.968 -0 1 -0
-0.6486 7.0698 -0 0 0.968 -0 1 0
-0.6486 6.1237 -2.284 0 1 -0 0.7071 -0.7071
-88.6781 8.9803 0 0.04 0.2432 -0 1 -0
-101.751 8.9803 0 0.2498 0.2432 -0 1 0
-101.751 7.4747 3.6349 0.2498 0.2084 0 0.7071 0.7071
-39.7196 6.1237 2.284 0.4392 0.936 0 0.7071 0.7071
-0.6486 6.1237 2.284 0 0.936 0 0.7071 0.7071
-0.6486 7.0698 -0 0 0.968 -0 1 0
-88.6781 7.4747 3.6349 0.04 0.2084 0 0.7071 0.7071
-101.751 7.4747 3.6349 0.2498 0.2084 0 0.7071 0.7071
-101.751 3.8398 5.1406 0.2498 0.1737 0 -0 1
-39.7196 3.8398 3.23 0.4392 0.904 0 -0 1
-0.6486 3.8398 3.23 0 0.904 0 -0 1
-0.6486 6.1237 2.284 0 0.936 0 0.7071 0.7071
-88.6781 3.8398 5.1406 0.04 0.1737 0 -0 1
-101.751 3.8398 5.1406 0.2498 0.1737 0 -0 1
-101.751 0.2048 3.6349 0.2498 0.139 0 -0.7071 0.7071
-39.7196 1.5558 2.284 0.4392 0.8719 0 -0.7071 0.7071
-0.6486 1.5558 2.284 0 0.8719 0 -0.7071 0.7071
-0.6486 3.8398 3.23 0 0.904 0 -0 1
-88.6781 0.2048 3.6349 0.04 0.139 0 -0.7071 0.7071
-101.751 0.2048 3.6349 0.2498 0.139 0 -0.7071 0.7071
-101.751 -1.3008 0 0.2498 0.1042 0 -1 0
-39.7196 0.6097 0 0.4392 0.8399 0 -1 0
-0.6486 0.6097 -0 0 0.8399 0 -1 -0
-0.6486 1.5558 2.284 0 0.8719 0 -0.7071 0.7071
-88.6781 -1.3008 0 0.04 0.1042 0 -1 -0
-101.751 -1.3008 0 0.2498 0.1042 0 -1 0
-101.751 0.2048 -3.6349 0.2498 0.0695 -0 -0.7071 -0.7071
-39.7196 1.5558 -2.284 0.4392 0.8079 -0 -0.7071 -0.7071
-0.6486 1.5558 -2.284 0 0.8079 -0 -0.7071 -0.7071
-0.6486 0.6097 -0 0 0.8399 0 -1 -0
-88.6781 0.2048 -3.6349 0.04 0.0695 -0 -0.7071 -0.7071
-101.751 0.2048 -3.6349 0.2498 0.0695 -0 -0.7071 -0.7071
-101.751 3.8398 -5.1405 0.2498 0.0347 -0 -0 -1
-39.7196 3.8398 -3.23 0.4392 0.7759 -0 -0 -1
-0.6486 3.8398 -3.23 0 0.7759 -0 0 -1
-0.6486 1.5558 -2.284 0 0.8079 -0 -0.7071 -0.7071
-101.751 3.8398 -5.1405 0.2498 0.0347 -0.8577 0.1967 -0.475
-102.864 3.8398 -3.1296 0.2893 0.0347 -0.8577 0.1967 -0.475
-102.864 6.0527 -2.2129 0.2893 0 -0.8577 0.1967 -0.475
-101.751 0.2048 -3.6349 0.2498 0.0695 -0.8577 -0.1967 -0.475
-102.864 1.6268 -2.2129 0.2893 0.0695 -0.8577 -0.1967 -0.475
-102.864 3.8398 -3.1296 0.2893 0.0347 -0.8577 -0.1967 -0.475
-101.751 -1.3008 0 0.2498 0.1042 -0.8577 -0.475 -0.1967
-102.864 0.7102 0 0.2893 0.1042 -0.8577 -0.475 -0.1967
-102.864 1.6268 -2.2129 0.2893 0.0695 -0.8577 -0.475 -0.1967
-101.751 0.2048 3.6349 0.2498 0.139 -0.8577 -0.475 0.1967
-102.864 1.6268 2.213 0.2893 0.139 -0.8577 -0.475 0.1967
-102.864 0.7102 0 0.2893 0.1042 -0.8577 -0.475 0.1967
-101.751 3.8398 5.1406 0.2498 0.1737 -0.8577 -0.1967 0.475
-102.864 3.8398 3.1296 0.2893 0.1737 -0.8577 -0.1967 0.475
-102.864 1.6268 2.213 0.2893 0.139 -0.8577 -0.1967 0.475
-101.751 7.4747 3.6349 0.2498 0.2084 -0.8577 0.1967 0.475
-102.864 6.0527 2.213 0.2893 0.2084 -0.8577 0.1967 0.475
-102.864 3.8398 3.1296 0.2893 0.1737 -0.8577 0.1967 0.475
-101.751 8.9803 0 0.2498 0.2432 -0.8577 0.475 0.1967
-102.864 6.9693 0 0.2893 0.2432 -0.8577 0.475 0.1967
-102.864 6.0527 2.213 0.2893 0.2084 -0.8577 0.475 0.1967
-101.751 7.4747 -3.6349 0.2498 0.2779 -0.8577 0.475 -0.1967
-102.864 6.0527 -2.2129 0.2893 0.2779 -0.8577 0.475 -0.1967
-102.864 6.9693 0 0.2893 0.2432 -0.8577 0.475 -0.1967
-88.6781 7.4747 -3.6349 0.04 0 0.7921 0.2336 -0.5639
-87.2466 6.0527 -2.2129 0 0 0.7921 0.2336 -0.5639
-87.2465 3.8398 -3.1296 0 0.0347 0.7921 0.2336 -0.5639
-88.6781 8.9803 0 0.04 0.2432 0.7921 0.5639 -0.2336
-87.2466 6.9693 0 0 0.2432 0.7921 0.5639 -0.2336
-87.2466 6.0527 -2.2129 0 0.2779 0.7921 0.5639 -0.2336
-88.6781 7.4747 3.6349 0.04 0.2084 0.7921 0.5639 0.2336
-87.2466 6.0527 2.2129 0 0.2084 0.7921 0.5639 0.2336
-87.2466 6.9693 0 0 0.2432 0.7921 0.5639 0.2336
-88.6781 3.8398 5.1406 0.04 0.1737 0.7921 0.2336 0.5639
-87.2466 3.8398 3.1296 0 0.1737 0.7921 0.2336 0.5639
-87.2466 6.0527 2.2129 0 0.2084 0.7921 0.2336 0.5639
-88.6781 0.2048 3.6349 0.04 0.139 0.7921 -0.2336 0.5639
-87.2466 1.6268 2.2129 0 0.139 0.7921 -0.2336 0.5639
-87.2466 3.8398 3.1296 0 0.1737 0.7921 -0.2336 0.5639
-88.6781 -1.3008 0 0.04 0.1042 0.7921 -0.5639 0.2336
-87.2466 0.7102 0 0 0.1042 0.7921 -0.5639 0.2336
-87.2466 1.6268 2.2129 0 0.139 0.7921 -0.5639 0.2336
-88.6781 0.2048 -3.6349 0.04 0.0695 0.7921 -0.5639 -0.2336
-87.2466 1.6268 -2.2129 0 0.0695 0.7921 -0.5639 -0.2336
-87.2466 0.7102 0 0 0.1042 0.7921 -0.5639 -0.2336
-88.6781 3.8398 -5.1405 0.04 0.0347 0.7921 -0.2336 -0.5639
-87.2465 3.8398 -3.1296 0 0.0347 0.7921 -0.2336 -0.5639
-87.2466 1.6268 -2.2129 0 0.0695 0.7921 -0.2336 -0.5639
-102.864 5.2873 -1.4476 0.2893 0 -1 -0 0
-102.864 6.0527 -2.2129 0.2893 0 -1 -0 0
-102.864 3.8398 -3.1296 0.2893 0.0347 -1 -0 0
-102.864 5.8869 0 0.2893 0.2432 -1 -0 0
-102.864 6.9693 0 0.2893 0.2432 -1 -0 0
-102.864 6.0527 -2.2129 0.2893 0.2779 -1 -0 0
-102.864 5.2873 1.4476 0.2893 0.2084 -1 -0 0
-102.864 6.0527 2.213 0.2893 0.2084 -1 -0 0
-102.864 6.9693 0 0.2893 0.2432 -1 -0 0
-102.864 3.8398 2.0472 0.2893 0.1737 -1 -0 0
-102.864 3.8398 3.1296 0.2893 0.1737 -1 -0 0
-102.864 6.0527 2.213 0.2893 0.2084 -1 -0 0
-102.864 2.3922 1.4476 0.2893 0.139 -1 -0 0
-102.864 1.6268 2.213 0.2893 0.139 -1 -0 0
-102.864 3.8398 3.1296 0.2893 0.1737 -1 -0 0
-102.864 1.7926 0 0.2893 0.1042 -1 -0 0
-102.864 0.7102 0 0.2893 0.1042 -1 -0 0
-102.864 1.6268 2.213 0.2893 0.139 -1 -0 0
-102.864 2.3922 -1.4476 0.2893 0.0695 -1 -0 0
-102.864 1.6268 -2.2129 0.2893 0.0695 -1 -0 0
-102.864 0.7102 0 0.2893 0.1042 -1 -0 0
-102.864 3.8398 -2.0472 0.2893 0.0347 -1 -0 0
-102.864 3.8398 -3.1296 0.2893 0.0347 -1 -0 0
-102.864 1.6268 -2.2129 0.2893 0.0695 -1 -0 0
-42.9758 5.2873 -1.4476 0 0.5504 0 -0.3827 0.9239
-102.864 5.2873 -1.4476 0.7682 0.5504 0 -0.3827 0.9239
-102.864 3.8398 -2.0472 0.7682 0.5681 0 -0.3827 0.9239
-42.9758 5.8869 0 0 0.6746 0 -0.9239 0.3827
-102.864 5.8869 0 0.7682 0.6746 0 -0.9239 0.3827
-102.864 5.2873 -1.4476 0.7682 0.6923 0 -0.9239 0.3827
-42.9758 5.2873 1.4476 0 0.6568 -0 -0.9239 -0.3827
-102.864 5.2873 1.4476 0.7682 0.6568 -0 -0.9239 -0.3827
-102.864 5.8869 0 0.7682 0.6746 -0 -0.9239 -0.3827
-42.9758 3.8398 2.0472 0 0.6391 -0 -0.3827 -0.9239
-102.864 3.8398 2.0472 0.7682 0.6391 -0 -0.3827 -0.9239
-102.864 5.2873 1.4476 0.7682 0.6568 -0 -0.3827 -0.9239
-42.9758 2.3922 1.4476 0 0.6214 -0 0.3827 -0.9239
-102.864 2.3922 1.4476 0.7682 0.6214 -0 0.3827 -0.9239
-102.864 3.8398 2.0472 0.7682 0.6391 -0 0.3827 -0.9239
-42.9758 1.7926 0 0 0.6036 -0 0.9239 -0.3827
-102.864 1.7926 0 0.7682 0.6036 -0 0.9239 -0.3827
-102.864 2.3922 1.4476 0.7682 0.6214 -0 0.9239 -0.3827
-42.9758 2.3922 -1.4476 0 0.5859 0 0.9239 0.3827
-102.864 2.3922 -1.4476 0.7682 0.5859 0 0.9239 0.3827
-102.864 1.7926 0 0.7682 0.6036 0 0.9239 0.3827
-42.9758 3.8398 -2.0472 0 0.5681 0 0.3827 0.9239
-102.864 3.8398 -2.0472 0.7682 0.5681 0 0.3827 0.9239
-102.864 2.3922 -1.4476 0.7682 0.5859 0 0.3827 0.9239
-0.6486 6.1237 -2.284 0 0.7439 1 0 -0
-0.6486 6.0527 -2.2129 0 0.7439 1 0 -0
-0.6486 3.8398 -3.1296 0 0.7759 1 0 -0
-0.6486 7.0698 -0 0 0.968 1 0 -0
-0.6486 6.9693 -0 0 0.968 1 0 -0
-0.6486 6.0527 -2.2129 0 1 1 0 -0
-0.6486 6.1237 2.284 0 0.936 1 0 -0
-0.6486 6.0527 2.2129 0 0.936 1 0 -0
-0.6486 6.9693 -0 0 0.968 1 0 -0
-0.6486 3.8398 3.23 0 0.904 1 0 -0
-0.6486 3.8398 3.1296 0 0.904 1 0 -0
-0.6486 6.0527 2.2129 0 0.936 1 0 -0
-0.6486 1.5558 2.284 0 0.8719 1 0 -0
-0.6486 1.6268 2.2129 0 0.8719 1 0 -0
-0.6486 3.8398 3.1296 0 0.904 1 0 -0
-0.6486 0.6097 -0 0 0.8399 1 0 -0
-0.6486 0.7102 -0 0 0.8399 1 0 -0
-0.6486 1.6268 2.2129 0 0.8719 1 0 -0
-0.6486 1.5558 -2.284 0 0.8079 1 0 -0
-0.6486 1.6268 -2.2129 0 0.8079 1 0 -0
-0.6486 0.7102 -0 0 0.8399 1 0 -0
-0.6486 3.8398 -3.23 0 0.7759 1 0 -0
-0.6486 3.8398 -3.1296 0 0.7759 1 0 -0
-0.6486 1.6268 -2.2129 0 0.8079 1 0 -0
-39.7196 3.8398 -3.23 0.5686 0.9611 -1 -0 0
-39.7196 3.8398 -3.1296 0.5674 0.9611 -1 -0 0
-39.7196 6.0527 -2.2129 0.5564 0.9344 -1 -0 0
-39.7196 1.5558 -2.284 0.5572 0.9886 -1 -0 0
-39.7196 1.6268 -2.2129 0.5564 0.9877 -1 -0 0
-39.7196 3.8398 -3.1296 0.5674 0.9611 -1 -0 0
-39.7196 0.6097 0 0.5297 1 -1 -0 0
-39.7196 0.7102 0 0.5297 0.9988 -1 -0 0
-39.7196 1.6268 -2.2129 0.5564 0.9877 -1 -0 0
-39.7196 1.5558 2.284 0.5022 0.9886 -1 -0 0
-39.7196 1.6268 2.2129 0.5031 0.9877 -1 -0 0
-39.7196 0.7102 0 0.5297 0.9988 -1 -0 0
-39.7196 3.8398 3.23 0.4908 0.9611 -1 -0 0
-39.7196 3.8398 3.1296 0.492 0.9611 -1 -0 0
-39.7196 1.6268 2.2129 0.5031 0.9877 -1 -0 0
-39.7196 6.1237 2.284 0.5022 0.9335 -1 -0 0
-39.7196 6.0527 2.2129 0.5031 0.9344 -1 -0 0
-39.7196 3.8398 3.1296 0.492 0.9611 -1 -0 0
-39.7196 7.0698 0 0.5297 0.9221 -1 -0 0
-39.7196 6.9693 0 0.5297 0.9234 -1 -0 0
-39.7196 6.0527 2.2129 0.5031 0.9344 -1 -0 0
-39.7196 6.1237 -2.284 0.5572 0.9335 -1 -0 0
-39.7196 6.0527 -2.2129 0.5564 0.9344 -1 -0 0
-39.7196 6.9693 0 0.5297 0.9234 -1 -0 0
-87.2465 3.8398 -2.3515 0 0.0347 1 0 0
-87.2465 3.8398 -3.1296 0 0.0347 1 0 0
-87.2466 6.0527 -2.2129 0 0 1 0 0
-87.2466 2.177 -1.6627 0 0.0695 1 -0 0
-87.2466 1.6268 -2.2129 0 0.0695 1 -0 0
-87.2465 3.8398 -3.1296 0 0.0347 1 -0 0
-87.2466 1.4883 0 0 0.1042 1 0 -0
-87.2466 0.7102 0 0 0.1042 1 0 -0
-87.2466 1.6268 -2.2129 0 0.0695 1 0 -0
-87.2466 2.177 1.6627 0 0.139 1 0 -0
-87.2466 1.6268 2.2129 0 0.139 1 0 -0
-87.2466 0.7102 0 0 0.1042 1 0 -0
-87.2466 3.8398 2.3515 0 0.1737 1 0 -0
-87.2466 3.8398 3.1296 0 0.1737 1 0 -0
-87.2466 1.6268 2.2129 0 0.139 1 0 -0
-87.2466 5.5025 1.6627 0 0.2084 1 0 -0
-87.2466 6.0527 2.2129 0 0.2084 1 0 -0
-87.2466 3.8398 3.1296 0 0.1737 1 0 -0
-87.2466 6.1912 0 0 0.2432 1 0 -0
-87.2466 6.9693 0 0 0.2432 1 0 -0
-87.2466 6.0527 2.2129 0 0.2084 1 0 -0
-87.2466 5.5025 -1.6627 0 0.2779 1 0 -0
-87.2466 6.0527 -2.2129 0 0.2779 1 0 -0
-87.2466 6.9693 0 0 0.2432 1 0 -0
-39.7196 5.5025 -1.6627 0.5498 0.941 -1 -0 0
-39.7196 6.0527 -2.2129 0.5564 0.9344 -1 -0 0
-39.7196 3.8398 -3.1296 0.5674 0.9611 -1 -0 0
-39.7196 6.1912 0 0.5297 0.9327 -1 -0 0
-39.7196 6.9693 0 0.5297 0.9234 -1 -0 0
-39.7196 6.0527 -2.2129 0.5564 0.9344 -1 -0 0
-39.7196 5.5025 1.6627 0.5097 0.941 -1 -0 0
-39.7196 6.0527 2.2129 0.5031 0.9344 -1 -0 0
-39.7196 6.9693 0 0.5297 0.9234 -1 -0 0
-39.7196 3.8398 2.3515 0.5014 0.9611 -1 -0 0
-39.7196 3.8398 3.1296 0.492 0.9611 -1 -0 0
-39.7196 6.0527 2.2129 0.5031 0.9344 -1 -0 0
-39.7196 2.177 1.6627 0.5097 0.9811 -1 -0 0
-39.7196 1.6268 2.2129 0.5031 0.9877 -1 -0 0
-39.7196 3.8398 3.1296 0.492 0.9611 -1 -0 0
-39.7196 1.4883 0 0.5297 0.9894 -1 -0 0
-39.7196 0.7102 0 0.5297 0.9988 -1 -0 0
-39.7196 1.6268 2.2129 0.5031 0.9877 -1 -0 0
-39.7196 2.177 -1.6627 0.5498 0.9811 -1 -0 0
-39.7196 1.6268 -2.2129 0.5564 0.9877 -1 -0 0
-39.7196 0.7102 0 0.5297 0.9988 -1 -0 0
-39.7196 3.8398 -2.3515 0.5581 0.9611 -1 -0 0
-39.7196 3.8398 -3.1296 0.5674 0.9611 -1 -0 0
-39.7196 1.6268 -2.2129 0.5564 0.9877 -1 -0 0
-43.587 -2.3915 0 0.5439 0.234 0 1 0
-32.3621 -2.3915 0 0.5439 0.3008 0 1 0
-38.4533 -2.3915 -22.4348 0.4068 0.2683 0 1 0
-41.888 -26.3129 -21.7228 0.656 0.6501 0 -1 0
-32.3621 -26.3129 0 0.787 0.5878 0 -1 0
-71.1056 -26.3129 0 0.7931 0.8242 0 -1 0
47.6963 -6.3129 0 0.5439 0.7805 0.9972 0.0752 0
48.6963 -19.5815 0 0.5439 0.8597 0.9972 0.0752 0
48.6963 -19.5815 -22.2154 0.4063 0.8435 0.9972 0.0752 0
12.3621 -2.3915 0 0.5439 0.5673 0 1 0
30.9945 -2.3915 -27.8066 0.39 0.6785 0 1 0
14.6363 -2.3915 -27.8066 0.3857 0.585 0 1 0
33.7929 -26.3129 -25.3148 0.6429 0.1884 0 -1 0
41.9649 -26.3129 -24.9763 0.6506 0.1492 0 -1 0
41.9649 -26.3129 0 0.7871 0.1422 0 -1 0
12.3621 -26.3129 -25.3148 0.636 0.3139 0 -1 0
41.9649 -26.3129 0 0.7871 0.1422 0 -1 0
12.3621 -26.3129 0 0.7864 0.316 0 -1 0
12.3621 -9.8893 -31.2994 0.9278 0.311 0 -0.3889 -0.9213
36.5812 -9.8893 -31.2994 0.9117 0.1702 0 -0.3889 -0.9213
36.5812 -19.5815 -27.2084 0.973 0.1604 0 -0.3889 -0.9213
36.5812 -9.8893 -31.2994 0.9117 0.1702 0.355 -0.3635 -0.8613
48.6963 -19.5815 -22.2154 0.9688 0.0807 0.355 -0.3635 -0.8613
36.5812 -19.5815 -27.2084 0.973 0.1604 0.355 -0.3635 -0.8613
-71.1056 -26.3129 0 0.7931 0.8242 -0.911 -0.3514 -0.2159
-72.8492 -21.7926 0 0.7872 0.8544 -0.911 -0.3514 -0.2159
-67.7154 -21.7926 -21.657 0.6512 0.8155 -0.911 -0.3514 -0.2159
48.6963 -19.5815 -22.2154 0.6537 0.0971 0.7071 -0.7071 0
48.6963 -19.5815 0 0.7827 0.0869 0.7071 -0.7071 0
41.9649 -26.3129 0 0.7871 0.1422 0.7071 -0.7071 0
12.3621 -19.5815 -27.2084 0.5933 0.3102 0 -0.2708 -0.9626
36.5812 -19.5815 -27.2084 0.6066 0.1629 0 -0.2708 -0.9626
33.7929 -26.3129 -25.3148 0.6429 0.1884 0 -0.2708 -0.9626
-67.7154 -21.7926 -21.657 0.6512 0.8155 -0.1007 -0.5632 -0.8202
-41.9235 -20.8045 -27.2084 0.6078 0.6535 -0.1007 -0.5632 -0.8202
-41.888 -26.3129 -21.7228 0.656 0.6501 -0.1007 -0.5632 -0.8202
41.9649 -26.3129 -24.9763 0.6506 0.1492 0.2524 -0.1166 -0.9606
33.7929 -26.3129 -25.3148 0.6429 0.1884 0.2524 -0.1166 -0.9606
36.5812 -19.5815 -27.2084 0.6066 0.1629 0.2524 -0.1166 -0.9606
-38.4533 -2.3915 -22.4348 0.4068 0.2683 0 1 0
-32.3621 -2.3915 0 0.5439 0.3008 0 1 0
-17.454 -2.3915 0 0.5439 0.3897 0 1 0
-17.454 -26.3129 -26.7549 0.6247 0.4955 0 -1 0
-17.454 -26.3129 0 0.7872 0.4964 0 -1 0
-32.3621 -26.3129 0 0.787 0.5878 0 -1 0
-23.0026 -9.8995 -31.2994 0.9214 0.527 -0.3096 0.0356 -0.9502
-2.5455 -9.8911 -33.4863 0.9277 0.4007 -0.3096 0.0356 -0.9502
-17.4467 -19.962 -33.4863 0.9851 0.4937 -0.3096 0.0356 -0.9502
12.3621 -19.5815 -27.2084 0.5933 0.3102 0.2142 -0.5296 -0.8208
12.3621 -26.3129 -25.3148 0.636 0.3139 0.2142 -0.5296 -0.8208
-2.546 -26.3129 -26.7549 0.6252 0.4046 0.2142 -0.5296 -0.8208
-17.454 -2.3915 0 0.5439 0.3897 0 1 0
-2.546 -2.3915 0 0.5439 0.4785 0 1 0
-0.2718 -2.3915 -30.2232 0.3668 0.4971 0 1 0
-0.2718 -2.3915 -30.2232 0.3668 0.4971 0 1 0
-2.546 -2.3915 0 0.5439 0.4785 0 1 0
12.3621 -2.3915 0 0.5439 0.5673 0 1 0
-17.454 -26.3129 0 0.7872 0.4964 0 -1 0
-17.454 -26.3129 -26.7549 0.6247 0.4955 0 -1 0
-2.546 -26.3129 -26.7549 0.6252 0.4046 0 -1 0
-2.546 -26.3129 0 0.7869 0.4056 0 -1 0
-2.546 -26.3129 -26.7549 0.6252 0.4046 0 -1 0
12.3621 -26.3129 -25.3148 0.636 0.3139 0 -1 0
-2.5455 -9.8911 -33.4863 0.9277 0.4007 0 0 -1
-2.5442 -19.6766 -33.4863 0.987 0.4031 0 0 -1
-17.4467 -19.962 -33.4863 0.9851 0.4937 0 0 -1
-2.5455 -9.8911 -33.4863 0.9277 0.4007 0.2683 -0.198 -0.9428
12.3621 -9.8893 -31.2994 0.9278 0.311 0.2683 -0.198 -0.9428
12.3621 -19.5815 -27.2084 0.9902 0.3051 0.2683 -0.198 -0.9428
-2.5442 -19.6766 -33.4863 0.5674 0.4051 0.0069 -0.7197 -0.6943
-2.546 -26.3129 -26.7549 0.6252 0.4046 0.0069 -0.7197 -0.6943
-17.454 -26.3129 -26.7549 0.6247 0.4955 0.0069 -0.7197 -0.6943
-17.4467 -19.962 -33.4863 0.5689 0.4964 -0.5913 -0.5723 -0.5681
-17.454 -26.3129 -26.7549 0.6247 0.4955 -0.5913 -0.5723 -0.5681
-23.0055 -26.3129 -21.3022 0.6545 0.5329 -0.5913 -0.5723 -0.5681
36.6232 -2.3915 -22.1779 0.4229 0.7078 0.3401 0.8768 -0.3401
47.6963 -6.3129 -21.2154 0.4274 0.7708 0.3401 0.8768 -0.3401
30.9945 -2.3915 -27.8066 0.39 0.6785 0.3401 0.8768 -0.3401
36.6232 -2.3915 0 0.5439 0.7098 0.3338 0.9426 0
47.6963 -6.3129 0 0.5439 0.7805 0.3338 0.9426 0
47.6963 -6.3129 -21.2154 0.4274 0.7708 0.3338 0.9426 0
-67.7154 -21.7926 -21.657 0.6512 0.8155 -0.8886 -0.401 -0.2228
-65.9718 -26.3129 -20.4747 0.6703 0.7946 -0.8886 -0.401 -0.2228
-71.1056 -26.3129 0 0.7931 0.8242 -0.8886 -0.401 -0.2228
12.3621 -2.3915 0 0.5439 0.5673 0 1 0
36.6232 -2.3915 -22.1779 0.4229 0.7078 0 1 0
30.9945 -2.3915 -27.8066 0.39 0.6785 0 1 0
12.3621 -2.3915 0 0.5439 0.5673 0 1 0
36.6232 -2.3915 0 0.5439 0.7098 0 1 0
36.6232 -2.3915 -22.1779 0.4229 0.7078 0 1 0
-23.0055 -26.3129 -21.3022 0.6545 0.5329 0 -1 0
-32.3621 -26.3129 0 0.787 0.5878 0 -1 0
-41.888 -26.3129 -21.7228 0.656 0.6501 0 -1 0
-41.4639 -9.916 -31.2994 0.8973 0.6361 0.0066 -0.3612 -0.9325
-23.0026 -9.8995 -31.2994 0.9214 0.527 0.0066 -0.3612 -0.9325
-22.994 -20.139 -27.2084 0.9871 0.544 0.0066 -0.3612 -0.9325
-41.888 -26.3129 -21.7228 0.656 0.6501 0.0202 -0.698 -0.7158
-41.9235 -20.8045 -27.2084 0.6078 0.6535 0.0202 -0.698 -0.7158
-22.994 -20.139 -27.2084 0.601 0.5364 0.0202 -0.698 -0.7158
-41.4639 -9.916 -31.2994 0.8973 0.6361 -0.1856 -0.3387 -0.9224
-41.9235 -20.8045 -27.2084 0.9639 0.6568 -0.1856 -0.3387 -0.9224
-67.7154 -21.7926 -21.657 0.9349 0.8143 -0.1856 -0.3387 -0.9224
10.5616 -9.8893 -43.4203 0.2732 0.5671 0.0181 0 -0.9998
10.5608 -7.3129 -43.4201 0.2878 0.5695 0.0181 0 -0.9998
40.2607 -7.3129 -42.8822 0.3063 0.7387 0.0181 0 -0.9998
40.2607 -9.8893 -42.8822 0.2966 0.748 0.9386 0.0804 -0.3354
40.2607 -7.3129 -42.8822 0.3063 0.7387 0.9386 0.0804 -0.3354
47.6963 -6.3129 -21.2154 0.4274 0.7708 0.9386 0.0804 -0.3354
-19.1361 -9.8962 -42.806 0.3127 0.3432 0.503 0.1597 -0.8494
-19.1576 -7.1743 -42.814 0.336 0.3406 0.503 0.1597 -0.8494
-0.2718 -2.3915 -30.2232 0.3668 0.4971 0.503 0.1597 -0.8494
-2.5455 -9.8911 -33.4863 0.317 0.4739 -0.6068 0.3655 -0.7058
-0.2718 -2.3915 -30.2232 0.3668 0.4971 -0.6068 0.3655 -0.7058
10.5608 -7.3129 -43.4201 0.2878 0.5695 -0.6068 0.3655 -0.7058
-44.9552 -6.8691 -42.9068 0.3014 0.0709 0.0067 0.0235 -0.9997
-19.1576 -7.1743 -42.814 0.336 0.3406 0.0067 0.0235 -0.9997
-19.1361 -9.8962 -42.806 0.3127 0.3432 0.0067 0.0235 -0.9997
-44.6971 -9.7795 -43.0456 0.8247 0.6432 0.3745 -0.9202 -0.1138
-41.4639 -9.916 -31.2994 0.8973 0.6361 0.3745 -0.9202 -0.1138
-67.7154 -21.7926 -21.657 0.9349 0.8143 0.3745 -0.9202 -0.1138
-19.1361 -9.8962 -42.806 0.8558 0.4915 -0.0022 -1 -0.0061
-23.0026 -9.8995 -31.2994 0.9214 0.527 -0.0022 -1 -0.0061
-41.4639 -9.916 -31.2994 0.8973 0.6361 -0.0022 -1 -0.0061
-19.1361 -9.8962 -42.806 0.8558 0.4915 0.0004 -1 -0.0001
-2.5455 -9.8911 -33.4863 0.9277 0.4007 0.0004 -1 -0.0001
-23.0026 -9.8995 -31.2994 0.9214 0.527 0.0004 -1 -0.0001
10.5608 -7.3129 -43.4201 0.2878 0.5695 0.0036 0.9524 -0.3049
14.6363 -2.3915 -27.8066 0.3857 0.585 0.0036 0.9524 -0.3049
30.9945 -2.3915 -27.8066 0.39 0.6785 0.0036 0.9524 -0.3049
10.5608 -7.3129 -43.4201 0.2878 0.5695 0.0506 0.9487 -0.3122
-0.2718 -2.3915 -30.2232 0.3668 0.4971 0.0506 0.9487 -0.3122
14.6363 -2.3915 -27.8066 0.3857 0.585 0.0506 0.9487 -0.3122
10.5616 -9.8893 -43.4203 0.8577 0.3305 0.0001 -1 -0
12.3621 -9.8893 -31.2994 0.9278 0.311 0.0001 -1 -0
-2.5455 -9.8911 -33.4863 0.9277 0.4007 0.0001 -1 -0
40.2607 -9.8893 -42.8822 0.842 0.1536 0 -1 0
36.5812 -9.8893 -31.2994 0.9117 0.1702 0 -1 0
12.3621 -9.8893 -31.2994 0.9278 0.311 0 -1 0
40.2607 -9.8893 -42.8822 0.842 0.1536 -0.5348 -0.8277 -0.1699
48.6963 -19.5815 -22.2154 0.9688 0.0807 -0.5348 -0.8277 -0.1699
36.5812 -9.8893 -31.2994 0.9117 0.1702 -0.5348 -0.8277 -0.1699
40.2607 -7.3129 -42.8822 0.3063 0.7387 0.2781 0.9504 -0.1393
30.9945 -2.3915 -27.8066 0.39 0.6785 0.2781 0.9504 -0.1393
47.6963 -6.3129 -21.2154 0.4274 0.7708 0.2781 0.9504 -0.1393
-68.1877 -21.4772 -21.8295 0.1613 0.6086 -0.5484 -0.8262 -0.129
-67.7154 -21.7926 -21.657 0.1635 0.6116 -0.5484 -0.8262 -0.129
-72.8492 -21.7926 0 0 0.6588 -0.5484 -0.8262 -0.129
-45.0969 -9.7941 -43.484 0.2911 0.4261 0.0205 -0.885 -0.4652
-44.6971 -9.7795 -43.0456 0.2939 0.4254 0.0205 -0.885 -0.4652
-67.7154 -21.7926 -21.657 0.1635 0.6116 0.0205 -0.885 -0.4652
-45.2714 -6.4399 -43.1676 0.2729 0.4107 0.7241 0.0996 -0.6824
-44.9552 -6.8691 -42.9068 0.2762 0.4099 0.7241 0.0996 -0.6824
-44.6971 -9.7795 -43.0456 0.2939 0.4254 0.7241 0.0996 -0.6824
-19.1779 -6.6014 -42.9677 0.2601 0.2945 0.0018 -0.3818 -0.9243
-19.1576 -7.1743 -42.814 0.2627 0.2926 0.0018 -0.3818 -0.9243
-44.9552 -6.8691 -42.9068 0.2762 0.4099 0.0018 -0.3818 -0.9243
-0.3055 -1.8225 -30.3887 0.2183 0.2774 0.5777 -0.1943 -0.7928
-0.2718 -2.3915 -30.2232 0.2179 0.2764 0.5777 -0.1943 -0.7928
-19.1576 -7.1743 -42.814 0.2627 0.2926 0.5777 -0.1943 -0.7928
-38.5834 -1.8193 -22.5235 0.161 0.3601 0.1947 0.2399 0.9511
-38.4533 -2.3915 -22.4348 0.1601 0.3575 0.1947 0.2399 0.9511
-0.2718 -2.3915 -30.2232 0.2179 0.2764 0.1947 0.2399 0.9511
-42.3066 -1.833 -6.4309 0.0466 0.3714 0.915 0.3432 0.212
-43.7944 -1.8385 0 0 0.3764 0.915 0.3432 0.212
-43.587 -2.3915 0 0 0.3719 0.915 0.3432 0.212
-45.4883 -6.195 -43.031 0.2718 0.4122 -0.0468 0.4549 -0.8893
-45.345 -6.1393 -43.01 0.2705 0.4105 -0.0468 0.4549 -0.8893
-45.2714 -6.4399 -43.1676 0.2729 0.4107 -0.0468 0.4549 -0.8893
-70.8243 -21.0268 -10.9784 0.0802 0.6289 -0.9544 -0.1978 -0.2237
-68.2569 -21.0461 -21.9568 0.1597 0.6057 -0.9544 -0.1978 -0.2237
-68.1877 -21.4772 -21.8295 0.1613 0.6086 -0.9544 -0.1978 -0.2237
-56.8568 -15.3303 -32.6788 0.2267 0.5154 -0.4833 -0.4449 -0.754
-45.4567 -9.6145 -43.4007 0.2881 0.4268 -0.4833 -0.4449 -0.754
-45.0969 -9.7941 -43.484 0.2911 0.4261 -0.4833 -0.4449 -0.754
-45.5441 -7.9327 -43.2263 0.2798 0.4192 -0.2634 0.0859 -0.9608
-45.6316 -6.2508 -43.052 0.2719 0.412 -0.2634 0.0859 -0.9608
-45.2714 -6.4399 -43.1676 0.2729 0.4107 -0.2634 0.0859 -0.9608
-32.3763 -6.1881 -42.9155 0.2653 0.348 0.0082 0.3778 -0.9259
-19.4077 -6.2369 -42.821 0.258 0.2979 0.0082 0.3778 -0.9259
-19.1779 -6.6014 -42.9677 0.2601 0.2945 0.0082 0.3778 -0.9259
-10.2635 -3.9211 -36.7253 0.2341 0.2819 0.3681 0.5396 -0.7572
-1.1193 -1.6053 -30.6295 0.2198 0.2795 0.3681 0.5396 -0.7572
-0.3055 -1.8225 -30.3887 0.2183 0.2774 0.3681 0.5396 -0.7572
-19.7773 -1.584 -26.7156 0.2166 0.2893 0.1276 0.7772 0.6162
-38.5936 -1.5696 -22.8363 0.1628 0.3616 0.1276 0.7772 0.6162
-38.5834 -1.8193 -22.5235 0.161 0.3601 0.1276 0.7772 0.6162
-44.2086 -1.6509 0 0 0.38 0.418 0.9031 0.098
-43.7944 -1.8385 0 0 0.3764 0.418 0.9031 0.098
-42.3066 -1.833 -6.4309 0.0466 0.3714 0.418 0.9031 0.098
-56.8568 -15.3303 -32.6788 0.2267 0.5154 -0.7334 0.4185 -0.5357
-68.2569 -21.0461 -21.9568 0.1597 0.6057 -0.7334 0.4185 -0.5357
-64.1385 -15.3174 -22.7001 0.1561 0.5565 -0.7334 0.4185 -0.5357
-45.5441 -7.9327 -43.2263 0.2798 0.4192 -0.7431 0.2533 -0.6194
-45.4567 -9.6145 -43.4007 0.2881 0.4268 -0.7431 0.2533 -0.6194
-56.8568 -15.3303 -32.6788 0.2267 0.5154 -0.7431 0.2533 -0.6194
-52.8259 -7.9197 -33.2476 0.2178 0.4615 -0.7783 0.2669 -0.5683
-45.6316 -6.2508 -43.052 0.2719 0.412 -0.7783 0.2669 -0.5683
-45.5441 -7.9327 -43.2263 0.2798 0.4192 -0.7783 0.2669 -0.5683
-64.1385 -15.3174 -22.7001 0.1561 0.5565 -0.7497 0.4329 -0.5005
-60.0202 -9.5886 -23.4433 0.1545 0.5089 -0.7497 0.4329 -0.5005
-52.8259 -7.9197 -33.2476 0.2178 0.4615 -0.7497 0.4329 -0.5005
-70.8243 -21.0268 -10.9784 0.0802 0.6289 -0.8006 0.57 -0.185
-73.3916 -21.0074 0 0 0.6514 -0.8006 0.57 -0.185
-69.2735 -15.2849 0 0 0.5981 -0.8006 0.57 -0.185
-64.1385 -15.3174 -22.7001 0.1561 0.5565 -0.8062 0.5616 -0.1863
-68.2569 -21.0461 -21.9568 0.1597 0.6057 -0.8062 0.5616 -0.1863
-70.8243 -21.0268 -10.9784 0.0802 0.6289 -0.8062 0.5616 -0.1863
-62.5877 -9.5755 -11.7217 0.0743 0.5264 -0.8068 0.5626 -0.1803
-60.0202 -9.5886 -23.4433 0.1545 0.5089 -0.8068 0.5626 -0.1803
-64.1385 -15.3174 -22.7001 0.1561 0.5565 -0.8068 0.5626 -0.1803
-69.2735 -15.2849 0 0 0.5981 -0.8014 0.5707 -0.1791
-65.1553 -9.5625 0 0 0.5429 -0.8014 0.5707 -0.1791
-62.5877 -9.5755 -11.7217 0.0743 0.5264 -0.8014 0.5707 -0.1791
-49.4875 -5.6056 -23.0136 0.1537 0.4356 -0.3504 0.9333 -0.0784
-60.0202 -9.5886 -23.4433 0.1545 0.5089 -0.3504 0.9333 -0.0784
-62.5877 -9.5755 -11.7217 0.0743 0.5264 -0.3504 0.9333 -0.0784
-41.5818 -1.6368 -11.292 0.0814 0.3703 -0.3479 0.934 -0.0816
-38.5936 -1.5696 -22.8363 0.1628 0.3616 -0.3479 0.934 -0.0816
-49.4875 -5.6056 -23.0136 0.1537 0.4356 -0.3479 0.934 -0.0816
-54.682 -5.6067 0 0 0.4599 -0.3516 0.9327 -0.08
-44.2086 -1.6509 0 0 0.38 -0.3516 0.9327 -0.08
-41.5818 -1.6368 -11.292 0.0814 0.3703 -0.3516 0.9327 -0.08
-62.5877 -9.5755 -11.7217 0.0743 0.5264 -0.3516 0.9328 -0.0787
-65.1553 -9.5625 0 0 0.5429 -0.3516 0.9328 -0.0787
-54.682 -5.6067 0 0 0.4599 -0.3516 0.9328 -0.0787
-28.9215 -3.8998 -32.8114 0.2255 0.333 -0.0569 0.9587 -0.2788
-38.5936 -1.5696 -22.8363 0.1628 0.3616 -0.0569 0.9587 -0.2788
-19.7773 -1.584 -26.7156 0.2166 0.2893 -0.0569 0.9587 -0.2788
-10.2635 -3.9211 -36.7253 0.2341 0.2819 -0.0573 0.9588 -0.2783
-19.4077 -6.2369 -42.821 0.258 0.2979 -0.0573 0.9588 -0.2783
-28.9215 -3.8998 -32.8114 0.2255 0.333 -0.0573 0.9588 -0.2783
-19.7773 -1.584 -26.7156 0.2166 0.2893 -0.0573 0.9588 -0.2783
-1.1193 -1.6053 -30.6295 0.2198 0.2795 -0.0573 0.9588 -0.2783
-10.2635 -3.9211 -36.7253 0.2341 0.2819 -0.0573 0.9588 -0.2783
-35.485 -3.8789 -32.8759 0.2202 0.3607 0.0053 0.9749 -0.2226
-42.0484 -3.858 -32.9404 0.2163 0.3944 0.0053 0.9749 -0.2226
-38.5936 -1.5696 -22.8363 0.1628 0.3616 0.0053 0.9749 -0.2226
-32.3763 -6.1881 -42.9155 0.2653 0.348 0.0053 0.9749 -0.2226
-45.345 -6.1393 -43.01 0.2705 0.4105 0.0053 0.9749 -0.2226
-42.0484 -3.858 -32.9404 0.2163 0.3944 0.0053 0.9749 -0.2226
-28.9215 -3.8998 -32.8114 0.2255 0.333 0.0053 0.9749 -0.2226
-19.4077 -6.2369 -42.821 0.258 0.2979 0.0053 0.9749 -0.2226
-32.3763 -6.1881 -42.9155 0.2653 0.348 0.0053 0.9749 -0.2226
-35.485 -3.8789 -32.8759 0.2202 0.3607 0.0053 0.9749 -0.2226
-38.5936 -1.5696 -22.8363 0.1628 0.3616 0.0053 0.9749 -0.2226
-28.9215 -3.8998 -32.8114 0.2255 0.333 0.0053 0.9749 -0.2226
-45.7407 -5.0356 -30.992 0.2042 0.4161 -0.3445 0.934 -0.095
-49.4875 -5.6056 -23.0136 0.1537 0.4356 -0.3445 0.934 -0.095
-38.5936 -1.5696 -22.8363 0.1628 0.3616 -0.3445 0.934 -0.095
-52.8259 -7.9197 -33.2476 0.2178 0.4615 -0.3486 0.9322 -0.0971
-60.0202 -9.5886 -23.4433 0.1545 0.5089 -0.3486 0.9322 -0.0971
-49.4875 -5.6056 -23.0136 0.1537 0.4356 -0.3486 0.9322 -0.0971
-45.4883 -6.195 -43.031 0.2718 0.4122 -0.3486 0.9322 -0.0971
-45.6316 -6.2508 -43.052 0.2719 0.412 -0.3486 0.9322 -0.0971
-52.8259 -7.9197 -33.2476 0.2178 0.4615 -0.3486 0.9322 -0.0971
-42.0484 -3.858 -32.9404 0.2163 0.3944 -0.3486 0.9322 -0.0971
-45.345 -6.1393 -43.01 0.2705 0.4105 -0.3486 0.9322 -0.0971
-45.4883 -6.195 -43.031 0.2718 0.4122 -0.3486 0.9322 -0.0971
-45.7407 -5.0356 -30.992 0.2042 0.4161 -0.3467 0.9334 -0.0928
-38.5936 -1.5696 -22.8363 0.1628 0.3616 -0.3467 0.9334 -0.0928
-42.0484 -3.858 -32.9404 0.2163 0.3944 -0.3467 0.9334 -0.0928
-45.2714 -6.4399 -43.1676 0.2729 0.4107 -0.212 0.0839 -0.9737
-45.0969 -9.7941 -43.484 0.2911 0.4261 -0.212 0.0839 -0.9737
-45.4567 -9.6145 -43.4007 0.2881 0.4268 -0.212 0.0839 -0.9737
-19.1779 -6.6014 -42.9677 0.2601 0.2945 0.0091 0.4344 -0.9007
-45.2714 -6.4399 -43.1676 0.2729 0.4107 0.0091 0.4344 -0.9007
-45.345 -6.1393 -43.01 0.2705 0.4105 0.0091 0.4344 -0.9007
-0.3055 -1.8225 -30.3887 0.2183 0.2774 0.3688 0.5383 -0.7578
-19.1779 -6.6014 -42.9677 0.2601 0.2945 0.3688 0.5383 -0.7578
-19.4077 -6.2369 -42.821 0.258 0.2979 0.3688 0.5383 -0.7578
-38.5834 -1.8193 -22.5235 0.161 0.3601 0.1121 0.834 0.5402
-0.3055 -1.8225 -30.3887 0.2183 0.2774 0.1121 0.834 0.5402
-1.1193 -1.6053 -30.6295 0.2198 0.2795 0.1121 0.834 0.5402
-38.5834 -1.8193 -22.5235 0.161 0.3601 0.6152 0.7737 0.1516
-38.5936 -1.5696 -22.8363 0.1628 0.3616 0.6152 0.7737 0.1516
-41.5818 -1.6368 -11.292 0.0814 0.3703 0.6152 0.7737 0.1516
-38.4533 -2.3915 -22.4348 0.1601 0.3575 0.9332 0.2882 0.2146
-38.5834 -1.8193 -22.5235 0.161 0.3601 0.9332 0.2882 0.2146
-42.3066 -1.833 -6.4309 0.0466 0.3714 0.9332 0.2882 0.2146
-73.3181 -21.4563 0 0 0.6549 -0.9616 -0.1576 -0.2246
-73.3916 -21.0074 0 0 0.6514 -0.9616 -0.1576 -0.2246
-70.8243 -21.0268 -10.9784 0.0802 0.6289 -0.9616 -0.1576 -0.2246
-68.1877 -21.4772 -21.8295 0.1613 0.6086 -0.5611 -0.3161 -0.765
-68.2569 -21.0461 -21.9568 0.1597 0.6057 -0.5611 -0.3161 -0.765
-56.8568 -15.3303 -32.6788 0.2267 0.5154 -0.5611 -0.3161 -0.765
-32.3621 -2.3915 0 1.5439 0.3008 0 1 0
-43.587 -2.3915 0 1.5439 0.234 0 1 0
-38.4533 -2.3915 22.4348 1.4068 0.2683 0 1 0
-41.888 -26.3129 21.7228 1.656 0.6501 0 -1 0
-65.9718 -26.3129 20.4747 1.6703 0.7946 0 -1 0
-71.1056 -26.3129 0 1.7931 0.8242 0 -1 0
47.6963 -6.3129 0 1.5439 0.7805 0.9972 0.0752 0
47.6963 -6.3129 21.2154 1.4274 0.7708 0.9972 0.0752 0
48.6963 -19.5815 22.2154 1.4063 0.8435 0.9972 0.0752 0
30.9945 -2.3915 27.8066 1.39 0.6785 0 1 0
12.3621 -2.3915 0 1.5439 0.5673 0 1 0
14.6363 -2.3915 27.8066 1.3857 0.585 0 1 0
41.9649 -26.3129 0 1.7871 0.1422 0 -1 0
41.9649 -26.3129 24.9763 1.6506 0.1492 0 -1 0
33.7929 -26.3129 25.3148 1.6429 0.1884 0 -1 0
41.9649 -26.3129 0 1.7871 0.1422 0 -1 0
12.3621 -26.3129 25.3148 1.636 0.3139 0 -1 0
12.3621 -26.3129 0 1.7864 0.316 0 -1 0
12.3621 -9.8893 31.2994 1.9278 0.311 0 -0.3889 0.9213
12.3621 -19.5815 27.2084 1.9902 0.3051 0 -0.3889 0.9213
36.5812 -19.5815 27.2084 1.973 0.1604 0 -0.3889 0.9213
48.6963 -19.5815 22.2154 1.9688 0.0807 0.355 -0.3635 0.8613
36.5812 -9.8893 31.2994 1.9117 0.1702 0.355 -0.3635 0.8613
36.5812 -19.5815 27.2084 1.973 0.1604 0.355 -0.3635 0.8613
-72.8492 -21.7926 0 1.7872 0.8544 -0.911 -0.3514 0.2159
-71.1056 -26.3129 0 1.7931 0.8242 -0.911 -0.3514 0.2159
-67.7154 -21.7926 21.657 1.6512 0.8155 -0.911 -0.3514 0.2159
48.6963 -19.5815 22.2154 1.6537 0.0971 0.7071 -0.7071 0
41.9649 -26.3129 24.9763 1.6506 0.1492 0.7071 -0.7071 0
41.9649 -26.3129 0 1.7871 0.1422 0.7071 -0.7071 0
12.3621 -19.5815 27.2084 1.5933 0.3102 0 -0.2708 0.9626
12.3621 -26.3129 25.3148 1.636 0.3139 0 -0.2708 0.9626
33.7929 -26.3129 25.3148 1.6429 0.1884 0 -0.2708 0.9626
-67.7154 -21.7926 21.657 1.6512 0.8155 -0.1007 -0.5632 0.8202
-65.9718 -26.3129 20.4747 1.6703 0.7946 -0.1007 -0.5632 0.8202
-41.888 -26.3129 21.7228 1.656 0.6501 -0.1007 -0.5632 0.8202
41.9649 -26.3129 24.9763 1.6506 0.1492 0.2524 -0.1166 0.9606
48.6963 -19.5815 22.2154 1.6537 0.0971 0.2524 -0.1166 0.9606
36.5812 -19.5815 27.2084 1.6066 0.1629 0.2524 -0.1166 0.9606
-38.4533 -2.3915 22.4348 1.4068 0.2683 0 1 0
-0.2718 -2.3915 30.2232 1.3668 0.4971 0 1 0
-17.454 -2.3915 0 1.5439 0.3897 0 1 0
-17.454 -26.3129 26.7549 1.6247 0.4955 0 -1 0
-23.0055 -26.3129 21.3022 1.6545 0.5329 0 -1 0
-32.3621 -26.3129 0 1.787 0.5878 0 -1 0
-23.0026 -9.8995 31.2994 1.9214 0.527 -0.3096 0.0356 0.9502
-22.994 -20.139 27.2084 1.9871 0.544 -0.3096 0.0356 0.9502
-17.4467 -19.962 33.4863 1.9851 0.4937 -0.3096 0.0356 0.9502
12.3621 -19.5815 27.2084 1.5933 0.3102 0.2142 -0.5296 0.8208
-2.5442 -19.6766 33.4863 1.5674 0.4051 0.2142 -0.5296 0.8208
-2.546 -26.3129 26.7549 1.6252 0.4046 0.2142 -0.5296 0.8208
-2.546 -2.3915 0 1.5439 0.4785 0 1 0
-17.454 -2.3915 0 1.5439 0.3897 0 1 0
-0.2718 -2.3915 30.2232 1.3668 0.4971 0 1 0
-0.2718 -2.3915 30.2232 1.3668 0.4971 0 1 0
14.6363 -2.3915 27.8066 1.3857 0.585 0 1 0
12.3621 -2.3915 0 1.5439 0.5673 0 1 0
-17.454 -26.3129 0 1.7872 0.4964 0 -1 0
-2.546 -26.3129 0 1.7869 0.4056 0 -1 0
-2.546 -26.3129 26.7549 1.6252 0.4046 0 -1 0
-2.546 -26.3129 0 1.7869 0.4056 0 -1 0
12.3621 -26.3129 0 1.7864 0.316 0 -1 0
12.3621 -26.3129 25.3148 1.636 0.3139 0 -1 0
-2.5442 -19.6766 33.4863 1.987 0.4031 0 0 1
-2.5455 -9.8911 33.4863 1.9277 0.4007 0 0 1
-17.4467 -19.962 33.4863 1.9851 0.4937 0 0 1
-2.5455 -9.8911 33.4863 1.9277 0.4007 0.2683 -0.198 0.9428
-2.5442 -19.6766 33.4863 1.987 0.4031 0.2683 -0.198 0.9428
12.3621 -19.5815 27.2084 1.9902 0.3051 0.2683 -0.198 0.9428
-2.5442 -19.6766 33.4863 1.5674 0.4051 0.0069 -0.7197 0.6943
-17.4467 -19.962 33.4863 1.5689 0.4964 0.0069 -0.7197 0.6943
-17.454 -26.3129 26.7549 1.6247 0.4955 0.0069 -0.7197 0.6943
-17.4467 -19.962 33.4863 1.5689 0.4964 -0.5913 -0.5723 0.5681
-22.994 -20.139 27.2084 1.601 0.5364 -0.5913 -0.5723 0.5681
-23.0055 -26.3129 21.3022 1.6545 0.5329 -0.5913 -0.5723 0.5681
47.6963 -6.3129 21.2154 1.4274 0.7708 0.3401 0.8768 0.3401
36.6232 -2.3915 22.1779 1.4229 0.7078 0.3401 0.8768 0.3401
30.9945 -2.3915 27.8066 1.39 0.6785 0.3401 0.8768 0.3401
36.6232 -2.3915 0 1.5439 0.7098 0.3338 0.9426 -0
36.6232 -2.3915 22.1779 1.4229 0.7078 0.3338 0.9426 -0
47.6963 -6.3129 21.2154 1.4274 0.7708 0.3338 0.9426 -0
-65.9718 -26.3129 20.4747 1.6703 0.7946 -0.8886 -0.401 0.2228
-67.7154 -21.7926 21.657 1.6512 0.8155 -0.8886 -0.401 0.2228
-71.1056 -26.3129 0 1.7931 0.8242 -0.8886 -0.401 0.2228
36.6232 -2.3915 22.1779 1.4229 0.7078 0 1 0
12.3621 -2.3915 0 1.5439 0.5673 0 1 0
30.9945 -2.3915 27.8066 1.39 0.6785 0 1 0
36.6232 -2.3915 0 1.5439 0.7098 0 1 0
12.3621 -2.3915 0 1.5439 0.5673 0 1 0
36.6232 -2.3915 22.1779 1.4229 0.7078 0 1 0
-32.3621 -26.3129 0 1.787 0.5878 0 -1 0
-23.0055 -26.3129 21.3022 1.6545 0.5329 0 -1 0
-41.888 -26.3129 21.7228 1.656 0.6501 0 -1 0
-41.4639 -9.916 31.2994 1.8973 0.6361 0.0066 -0.3612 0.9325
-41.9235 -20.8045 27.2084 1.9639 0.6568 0.0066 -0.3612 0.9325
-22.994 -20.139 27.2084 1.9871 0.544 0.0066 -0.3612 0.9325
-41.888 -26.3129 21.7228 1.656 0.6501 0.0202 -0.698 0.7158
-23.0055 -26.3129 21.3022 1.6545 0.5329 0.0202 -0.698 0.7158
-22.994 -20.139 27.2084 1.601 0.5364 0.0202 -0.698 0.7158
-41.9235 -20.8045 27.2084 1.9639 0.6568 -0.1856 -0.3387 0.9224
-41.4639 -9.916 31.2994 1.8973 0.6361 -0.1856 -0.3387 0.9224
-67.7154 -21.7926 21.657 1.9349 0.8143 -0.1856 -0.3387 0.9224
10.5616 -9.8893 43.4203 1.2732 0.5671 0.0181 0 0.9998
40.2607 -9.8893 42.8822 1.2966 0.748 0.0181 0 0.9998
40.2607 -7.3129 42.8822 1.3063 0.7387 0.0181 0 0.9998
40.2607 -9.8893 42.8822 1.2966 0.748 0.9386 0.0804 0.3354
48.6963 -19.5815 22.2154 1.4063 0.8435 0.9386 0.0804 0.3354
47.6963 -6.3129 21.2154 1.4274 0.7708 0.9386 0.0804 0.3354
-19.1361 -9.8962 42.806 1.3127 0.3432 0.503 0.1597 0.8494
-2.5455 -9.8911 33.4863 1.317 0.4739 0.503 0.1597 0.8494
-0.2718 -2.3915 30.2232 1.3668 0.4971 0.503 0.1597 0.8494
-2.5455 -9.8911 33.4863 1.317 0.4739 -0.6068 0.3655 0.7058
10.5616 -9.8893 43.4203 1.2732 0.5671 -0.6068 0.3655 0.7058
10.5608 -7.3129 43.4201 1.2878 0.5695 -0.6068 0.3655 0.7058
-44.9552 -6.8691 42.9068 1.3014 0.0709 0.0067 0.0235 0.9997
-44.6971 -9.7795 43.0456 1.2716 0.0784 0.0067 0.0235 0.9997
-19.1361 -9.8962 42.806 1.3127 0.3432 0.0067 0.0235 0.9997
-41.4639 -9.916 31.2994 1.8973 0.6361 0.3745 -0.9202 0.1138
-44.6971 -9.7795 43.0456 1.8247 0.6432 0.3745 -0.9202 0.1138
-67.7154 -21.7926 21.657 1.9349 0.8143 0.3745 -0.9202 0.1138
-19.1361 -9.8962 42.806 1.8558 0.4915 -0.0022 -1 0.0061
-44.6971 -9.7795 43.0456 1.8247 0.6432 -0.0022 -1 0.0061
-41.4639 -9.916 31.2994 1.8973 0.6361 -0.0022 -1 0.0061
-2.5455 -9.8911 33.4863 1.9277 0.4007 0.0004 -1 0.0001
-19.1361 -9.8962 42.806 1.8558 0.4915 0.0004 -1 0.0001
-23.0026 -9.8995 31.2994 1.9214 0.527 0.0004 -1 0.0001
10.5608 -7.3129 43.4201 1.2878 0.5695 0.0036 0.9524 0.3049
40.2607 -7.3129 42.8822 1.3063 0.7387 0.0036 0.9524 0.3049
30.9945 -2.3915 27.8066 1.39 0.6785 0.0036 0.9524 0.3049
-0.2718 -2.3915 30.2232 1.3668 0.4971 0.0506 0.9487 0.3122
10.5608 -7.3129 43.4201 1.2878 0.5695 0.0506 0.9487 0.3122
14.6363 -2.3915 27.8066 1.3857 0.585 0.0506 0.9487 0.3122
12.3621 -9.8893 31.2994 1.9278 0.311 0.0001 -1 0
10.5616 -9.8893 43.4203 1.8577 0.3305 0.0001 -1 0
-2.5455 -9.8911 33.4863 1.9277 0.4007 0.0001 -1 0
40.2607 -9.8893 42.8822 1.842 0.1536 0 -1 0
10.5616 -9.8893 43.4203 1.8577 0.3305 0 -1 0
12.3621 -9.8893 31.2994 1.9278 0.311 0 -1 0
48.6963 -19.5815 22.2154 1.9688 0.0807 -0.5348 -0.8277 0.1699
40.2607 -9.8893 42.8822 1.842 0.1536 -0.5348 -0.8277 0.1699
36.5812 -9.8893 31.2994 1.9117 0.1702 -0.5348 -0.8277 0.1699
30.9945 -2.3915 27.8066 1.39 0.6785 0.2781 0.9504 0.1393
40.2607 -7.3129 42.8822 1.3063 0.7387 0.2781 0.9504 0.1393
47.6963 -6.3129 21.2154 1.4274 0.7708 0.2781 0.9504 0.1393
-68.1877 -21.4772 21.8295 1.1613 0.6086 -0.5484 -0.8262 0.129
-73.3181 -21.4563 0 1 0.6549 -0.5484 -0.8262 0.129
-72.8492 -21.7926 0 1 0.6588 -0.5484 -0.8262 0.129
-45.0969 -9.7941 43.484 1.2911 0.4261 0.0206 -0.885 0.4652
-68.1877 -21.4772 21.8295 1.1613 0.6086 0.0206 -0.885 0.4652
-67.7154 -21.7926 21.657 1.1635 0.6116 0.0206 -0.885 0.4652
-45.2714 -6.4399 43.1676 1.2729 0.4107 0.7241 0.0996 0.6824
-45.0969 -9.7941 43.484 1.2911 0.4261 0.7241 0.0996 0.6824
-44.6971 -9.7795 43.0456 1.2939 0.4254 0.7241 0.0996 0.6824
-19.1779 -6.6014 42.9677 1.2601 0.2945 0.0018 -0.3817 0.9243
-45.2714 -6.4399 43.1676 1.2729 0.4107 0.0018 -0.3817 0.9243
-44.9552 -6.8691 42.9068 1.2762 0.4099 0.0018 -0.3817 0.9243
-0.3055 -1.8225 30.3887 1.2183 0.2774 0.5777 -0.1943 0.7928
-19.1779 -6.6014 42.9677 1.2601 0.2945 0.5777 -0.1943 0.7928
-19.1576 -7.1743 42.814 1.2627 0.2926 0.5777 -0.1943 0.7928
-38.5834 -1.8193 22.5235 1.161 0.3601 0.1947 0.2399 -0.9511
-0.3055 -1.8225 30.3887 1.2183 0.2774 0.1947 0.2399 -0.9511
-0.2718 -2.3915 30.2232 1.2179 0.2764 0.1947 0.2399 -0.9511
-43.7944 -1.8385 0 1 0.3764 0.915 0.3432 -0.212
-42.3066 -1.833 6.4309 1.0466 0.3714 0.915 0.3432 -0.212
-43.587 -2.3915 0 1 0.3719 0.915 0.3432 -0.212
-45.4883 -6.195 43.031 1.2718 0.4122 -0.0468 0.4548 0.8893
-45.6316 -6.2508 43.052 1.2719 0.412 -0.0468 0.4548 0.8893
-45.2714 -6.4399 43.1676 1.2729 0.4107 -0.0468 0.4548 0.8893
-70.8243 -21.0268 10.9784 1.0802 0.6289 -0.9544 -0.1978 0.2237
-73.3181 -21.4563 0 1 0.6549 -0.9544 -0.1978 0.2237
-68.1877 -21.4772 21.8295 1.1613 0.6086 -0.9544 -0.1978 0.2237
-56.8568 -15.3303 32.6788 1.2267 0.5154 -0.4833 -0.4449 0.754
-68.1877 -21.4772 21.8295 1.1613 0.6086 -0.4833 -0.4449 0.754
-45.0969 -9.7941 43.484 1.2911 0.4261 -0.4833 -0.4449 0.754
-45.6316 -6.2508 43.052 1.2719 0.412 -0.2634 0.0859 0.9609
-45.5441 -7.9327 43.2263 1.2798 0.4192 -0.2634 0.0859 0.9609
-45.2714 -6.4399 43.1676 1.2729 0.4107 -0.2634 0.0859 0.9609
-19.4077 -6.2369 42.821 1.258 0.2979 0.0082 0.3778 0.9258
-32.3763 -6.1881 42.9155 1.2653 0.348 0.0082 0.3778 0.9258
-19.1779 -6.6014 42.9677 1.2601 0.2945 0.0082 0.3778 0.9258
-1.1193 -1.6053 30.6295 1.2198 0.2795 0.3681 0.5396 0.7572
-10.2635 -3.9211 36.7253 1.2341 0.2819 0.3681 0.5396 0.7572
-0.3055 -1.8225 30.3887 1.2183 0.2774 0.3681 0.5396 0.7572
-38.5936 -1.5696 22.8363 1.1628 0.3616 0.1276 0.7772 -0.6162
-19.7773 -1.584 26.7156 1.2166 0.2893 0.1276 0.7772 -0.6162
-38.5834 -1.8193 22.5235 1.161 0.3601 0.1276 0.7772 -0.6162
-44.2086 -1.6509 0 1 0.38 0.418 0.9031 -0.098
-41.5818 -1.6368 11.292 1.0814 0.3703 0.418 0.9031 -0.098
-42.3066 -1.833 6.4309 1.0466 0.3714 0.418 0.9031 -0.098
-56.8568 -15.3303 32.6788 1.2267 0.5154 -0.7334 0.4185 0.5357
-54.8413 -11.625 32.9632 1.222 0.4882 -0.7334 0.4185 0.5357
-64.1385 -15.3174 22.7001 1.1561 0.5565 -0.7334 0.4185 0.5357
-45.5441 -7.9327 43.2263 1.2798 0.4192 -0.7431 0.2533 0.6194
-54.8413 -11.625 32.9632 1.222 0.4882 -0.7431 0.2533 0.6194
-56.8568 -15.3303 32.6788 1.2267 0.5154 -0.7431 0.2533 0.6194
-52.8259 -7.9197 33.2476 1.2178 0.4615 -0.7783 0.2669 0.5683
-54.8413 -11.625 32.9632 1.222 0.4882 -0.7783 0.2669 0.5683
-45.5441 -7.9327 43.2263 1.2798 0.4192 -0.7783 0.2669 0.5683
-64.1385 -15.3174 22.7001 1.1561 0.5565 -0.7497 0.4329 0.5005
-54.8413 -11.625 32.9632 1.222 0.4882 -0.7497 0.4329 0.5005
-52.8259 -7.9197 33.2476 1.2178 0.4615 -0.7497 0.4329 0.5005
-70.8243 -21.0268 10.9784 1.0802 0.6289 -0.8006 0.57 0.185
-66.706 -15.3012 11.35 1.0763 0.5773 -0.8006 0.57 0.185
-69.2735 -15.2849 0 1 0.5981 -0.8006 0.57 0.185
-64.1385 -15.3174 22.7001 1.1561 0.5565 -0.8062 0.5616 0.1863
-66.706 -15.3012 11.35 1.0763 0.5773 -0.8062 0.5616 0.1863
-70.8243 -21.0268 10.9784 1.0802 0.6289 -0.8062 0.5616 0.1863
-62.5877 -9.5755 11.7217 1.0743 0.5264 -0.8068 0.5626 0.1803
-66.706 -15.3012 11.35 1.0763 0.5773 -0.8068 0.5626 0.1803
-64.1385 -15.3174 22.7001 1.1561 0.5565 -0.8068 0.5626 0.1803
-69.2735 -15.2849 0 1 0.5981 -0.8014 0.5707 0.1791
-66.706 -15.3012 11.35 1.0763 0.5773 -0.8014 0.5707 0.1791
-62.5877 -9.5755 11.7217 1.0743 0.5264 -0.8014 0.5707 0.1791
-49.4875 -5.6056 23.0136 1.1537 0.4356 -0.3504 0.9333 0.0784
-52.0847 -5.6061 11.5068 1.0755 0.4476 -0.3504 0.9333 0.0784
-62.5877 -9.5755 11.7217 1.0743 0.5264 -0.3504 0.9333 0.0784
-41.5818 -1.6368 11.292 1.0814 0.3703 -0.3479 0.934 0.0816
-52.0847 -5.6061 11.5068 1.0755 0.4476 -0.3479 0.934 0.0816
-49.4875 -5.6056 23.0136 1.1537 0.4356 -0.3479 0.934 0.0816
-54.682 -5.6067 0 1 0.4599 -0.3516 0.9327 0.08
-52.0847 -5.6061 11.5068 1.0755 0.4476 -0.3516 0.9327 0.08
-41.5818 -1.6368 11.292 1.0814 0.3703 -0.3516 0.9327 0.08
-62.5877 -9.5755 11.7217 1.0743 0.5264 -0.3516 0.9328 0.0787
-52.0847 -5.6061 11.5068 1.0755 0.4476 -0.3516 0.9328 0.0787
-54.682 -5.6067 0 1 0.4599 -0.3516 0.9328 0.0787
-28.9215 -3.8998 32.8114 1.2255 0.333 -0.0569 0.9587 0.2788
-19.6541 -3.1349 32.0841 1.2277 0.2992 -0.0569 0.9587 0.2788
-19.7773 -1.584 26.7156 1.2166 0.2893 -0.0569 0.9587 0.2788
-10.2635 -3.9211 36.7253 1.2341 0.2819 -0.0573 0.9588 0.2783
-19.6541 -3.1349 32.0841 1.2277 0.2992 -0.0573 0.9588 0.2783
-28.9215 -3.8998 32.8114 1.2255 0.333 -0.0573 0.9588 0.2783
-19.7773 -1.584 26.7156 1.2166 0.2893 -0.0573 0.9588 0.2783
-19.6541 -3.1349 32.0841 1.2277 0.2992 -0.0573 0.9588 0.2783
-10.2635 -3.9211 36.7253 1.2341 0.2819 -0.0573 0.9588 0.2783
-42.0484 -3.858 32.9404 1.2163 0.3944 0.0053 0.9749 0.2226
-35.485 -3.8789 32.8759 1.2202 0.3607 0.0053 0.9749 0.2226
-38.5936 -1.5696 22.8363 1.1628 0.3616 0.0053 0.9749 0.2226
-32.3763 -6.1881 42.9155 1.2653 0.348 0.0053 0.9749 0.2226
-35.485 -3.8789 32.8759 1.2202 0.3607 0.0053 0.9749 0.2226
-42.0484 -3.858 32.9404 1.2163 0.3944 0.0053 0.9749 0.2226
-28.9215 -3.8998 32.8114 1.2255 0.333 0.0053 0.9749 0.2226
-35.485 -3.8789 32.8759 1.2202 0.3607 0.0053 0.9749 0.2226
-32.3763 -6.1881 42.9155 1.2653 0.348 0.0053 0.9749 0.2226
-38.5936 -1.5696 22.8363 1.1628 0.3616 0.0053 0.9749 0.2226
-35.485 -3.8789 32.8759 1.2202 0.3607 0.0053 0.9749 0.2226
-28.9215 -3.8998 32.8114 1.2255 0.333 0.0053 0.9749 0.2226
-49.4875 -5.6056 23.0136 1.1537 0.4356 -0.3445 0.934 0.095
-45.7407 -5.0356 30.992 1.2042 0.4161 -0.3445 0.934 0.095
-38.5936 -1.5696 22.8363 1.1628 0.3616 -0.3445 0.934 0.095
-52.8259 -7.9197 33.2476 1.2178 0.4615 -0.3486 0.9322 0.0971
-45.7407 -5.0356 30.992 1.2042 0.4161 -0.3486 0.9322 0.0971
-49.4875 -5.6056 23.0136 1.1537 0.4356 -0.3486 0.9322 0.0971
-45.4883 -6.195 43.031 1.2718 0.4122 -0.3486 0.9322 0.0971
-45.7407 -5.0356 30.992 1.2042 0.4161 -0.3486 0.9322 0.0971
-52.8259 -7.9197 33.2476 1.2178 0.4615 -0.3486 0.9322 0.0971
-42.0484 -3.858 32.9404 1.2163 0.3944 -0.3486 0.9322 0.0971
-45.7407 -5.0356 30.992 1.2042 0.4161 -0.3486 0.9322 0.0971
-45.4883 -6.195 43.031 1.2718 0.4122 -0.3486 0.9322 0.0971
-38.5936 -1.5696 22.8363 1.1628 0.3616 -0.3467 0.9334 0.0928
-45.7407 -5.0356 30.992 1.2042 0.4161 -0.3467 0.9334 0.0928
-42.0484 -3.858 32.9404 1.2163 0.3944 -0.3467 0.9334 0.0928
-45.2714 -6.4399 43.1676 1.2729 0.4107 -0.212 0.0839 0.9737
-45.5441 -7.9327 43.2263 1.2798 0.4192 -0.212 0.0839 0.9737
-45.4567 -9.6145 43.4007 1.2881 0.4268 -0.212 0.0839 0.9737
-19.1779 -6.6014 42.9677 1.2601 0.2945 0.0091 0.4344 0.9007
-32.3763 -6.1881 42.9155 1.2653 0.348 0.0091 0.4344 0.9007
-45.345 -6.1393 43.01 1.2705 0.4105 0.0091 0.4344 0.9007
-0.3055 -1.8225 30.3887 1.2183 0.2774 0.3688 0.5383 0.7578
-10.2635 -3.9211 36.7253 1.2341 0.2819 0.3688 0.5383 0.7578
-19.4077 -6.2369 42.821 1.258 0.2979 0.3688 0.5383 0.7578
-38.5834 -1.8193 22.5235 1.161 0.3601 0.1121 0.834 -0.5402
-19.7773 -1.584 26.7156 1.2166 0.2893 0.1121 0.834 -0.5402
-1.1193 -1.6053 30.6295 1.2198 0.2795 0.1121 0.834 -0.5402
-38.5834 -1.8193 22.5235 1.161 0.3601 0.6152 0.7737 -0.1516
-42.3066 -1.833 6.4309 1.0466 0.3714 0.6152 0.7737 -0.1516
-41.5818 -1.6368 11.292 1.0814 0.3703 0.6152 0.7737 -0.1516
-38.4533 -2.3915 22.4348 1.1601 0.3575 0.9332 0.2882 -0.2146
-43.587 -2.3915 0 1 0.3719 0.9332 0.2882 -0.2146
-42.3066 -1.833 6.4309 1.0466 0.3714 0.9332 0.2882 -0.2146
-73.3916 -21.0074 0 1 0.6514 -0.9616 -0.1576 0.2246
-73.3181 -21.4563 0 1 0.6549 -0.9616 -0.1576 0.2246
-70.8243 -21.0268 10.9784 1.0802 0.6289 -0.9616 -0.1576 0.2246
-68.2569 -21.0461 21.9568 1.1597 0.6057 -0.5611 -0.3161 0.7651
-68.1877 -21.4772 21.8295 1.1613 0.6086 -0.5611 -0.3161 0.7651
-56.8568 -15.3303 32.6788 1.2267 0.5154 -0.5611 -0.3161 0.7651
-48.6347 -19.9348 -38.5324 0 0.6314 -1 -0 -0
-48.6347 -19.9348 -24.9418 0.1607 0.6314 -1 -0 -0
-47.3775 -15.2342 -24.9418 0.1607 0.6336 -0.8661 0.4998 -0
-48.6347 -19.9348 -24.9418 0.1607 0.6314 -1 -0 -0
-48.6347 -19.9348 -38.5324 0 0.6314 -1 -0 -0
-47.3775 -24.6354 -38.5324 0 0.6336 -0.8661 -0.4998 -0
-47.3775 -15.2342 -38.5324 0 0.6336 -0.8661 0.4998 -0
-47.3775 -15.2342 -24.9418 0.1607 0.6336 -0.8661 0.4998 -0
-43.9429 -11.7995 -24.9418 0.1607 0.6396 -0.5 0.866 -0
-47.3775 -24.6354 -24.9418 0.1607 0.6336 -0.8661 -0.4998 -0
-47.3775 -24.6354 -38.5324 0 0.6336 -0.8661 -0.4998 -0
-43.9428 -28.0701 -38.5324 0 0.6396 -0.5 -0.866 -0
-43.9428 -11.7995 -38.5324 0 0.6396 -0.5 0.866 -0
-43.9429 -11.7995 -24.9418 0.1607 0.6396 -0.5 0.866 -0
-39.251 -10.5423 -24.9418 0.1607 0.6479 -0.1305 0.9914 -0
-43.9429 -28.0701 -24.9418 0.1607 0.6396 -0.5 -0.866 -0
-43.9428 -28.0701 -38.5324 0 0.6396 -0.5 -0.866 -0
-39.251 -29.3272 -38.5324 0 0.6479 -0.1305 -0.9914 -0
-39.251 -10.5423 -38.5324 0 0.6479 -0.1305 0.9914 -0
-39.251 -10.5423 -24.9418 0.1607 0.6479 -0.1305 0.9914 -0
33.5557 -10.5423 -24.9418 0.1607 0.7756 0.1305 0.9914 -0
-39.251 -29.3272 -24.9418 0.1607 0.6479 -0.1305 -0.9914 -0
-39.251 -29.3272 -38.5324 0 0.6479 -0.1305 -0.9914 -0
33.5557 -29.3272 -38.5324 0 0.7756 0.1305 -0.9914 -0
33.5557 -10.5423 -38.5324 0 0.7756 0.1305 0.9914 0
33.5557 -10.5423 -24.9418 0.1607 0.7756 0.1305 0.9914 -0
38.2476 -11.7995 -24.9418 0.1607 0.7839 0.5 0.866 0
33.5557 -29.3272 -24.9418 0.1607 0.7756 0.1305 -0.9914 -0
33.5557 -29.3272 -38.5324 0 0.7756 0.1305 -0.9914 -0
38.2476 -28.0701 -38.5324 0 0.7839 0.5 -0.866 -0
38.2476 -11.7995 -38.5324 0 0.7839 0.5 0.866 0
38.2476 -11.7995 -24.9418 0.1607 0.7839 0.5 0.866 0
41.6823 -15.2342 -24.9418 0.1607 0.7899 0.8661 0.4998 0
38.2476 -28.0701 -24.9418 0.1607 0.7839 0.5 -0.866 0
38.2476 -28.0701 -38.5324 0 0.7839 0.5 -0.866 -0
41.6823 -24.6354 -38.5324 0 0.7899 0.8661 -0.4998 0
41.6823 -15.2342 -38.5324 0 0.7899 0.8661 0.4998 0
41.6823 -15.2342 -24.9418 0.1607 0.7899 0.8661 0.4998 0
42.9394 -19.9348 -24.9418 0.1607 0.7921 1 0 0
41.6823 -24.6354 -24.9418 0.1607 0.7899 0.8661 -0.4998 0
41.6823 -24.6354 -38.5324 0 0.7899 0.8661 -0.4998 0
42.9395 -19.9348 -38.5324 0 0.7921 1 0 0
-39.1193 -20.0577 -36.1951 0.781 0.9705 -0 0 -1
-46.0619 -20.0459 -36.1951 0.8074 0.9706 -0 0 -1
-45.1216 -16.5367 -36.1951 0.8041 0.9837 -0 0 -1
-39.251 -10.5423 -24.9418 0.0405 0.8945 0 0 1
-43.9429 -11.7995 -24.9418 0.0203 0.8891 0 0 1
-47.3775 -15.2342 -24.9418 0.0054 0.8743 0 0 1
38.2476 -11.7995 -24.9418 0.375 0.8891 0 0 1
33.5557 -10.5423 -24.9418 0.3548 0.8945 0 0 1
-39.251 -10.5423 -24.9418 0.0405 0.8945 0 0 1
42.9394 -19.9348 -24.9418 0.3953 0.854 0 0 1
41.6823 -15.2342 -24.9418 0.3899 0.8743 0 0 1
38.2476 -11.7995 -24.9418 0.375 0.8891 0 0 1
33.5557 -29.3272 -24.9418 0.3548 0.8134 -0 0 1
38.2476 -28.0701 -24.9418 0.375 0.8189 -0 0 1
41.6823 -24.6354 -24.9418 0.3899 0.8337 -0 0 1
33.5557 -29.3272 -24.9418 0.3548 0.8134 0 0 1
42.9394 -19.9348 -24.9418 0.3953 0.854 0 0 1
-39.251 -10.5423 -24.9418 0.0405 0.8945 0 0 1
-43.9429 -28.0701 -24.9418 0.0203 0.8189 0 -0 1
-39.251 -29.3272 -24.9418 0.0405 0.8134 0 -0 1
33.5557 -29.3272 -24.9418 0.3548 0.8134 0 -0 1
-47.3775 -24.6354 -24.9418 0.0054 0.8337 0 0 1
-43.9429 -28.0701 -24.9418 0.0203 0.8189 0 0 1
-48.6347 -19.9348 -24.9418 0 0.854 0 0 1
-46.4809 -24.1177 -39.8219 0.3931 0.9418 -0.6768 -0.3919 -0.6232
-47.3775 -24.6354 -38.5324 0.3991 0.9385 -0.6754 -0.3898 -0.626
-48.6347 -19.9348 -38.5324 0.4044 0.9585 -0.7876 0.0046 -0.6162
-43.4252 -27.1735 -39.8219 0.3809 0.9293 -0.3899 -0.6753 -0.626
-43.9428 -28.0701 -38.5324 0.3846 0.9234 -0.3899 -0.6753 -0.626
-47.3775 -24.6354 -38.5324 0.3991 0.9385 -0.6754 -0.3898 -0.626
-39.1193 -28.3272 -39.8219 0.363 0.9239 -0.1028 -0.7809 -0.6161
-39.251 -29.3272 -38.5324 0.3641 0.9168 -0.1028 -0.7809 -0.6161
-43.9428 -28.0701 -38.5324 0.3846 0.9234 -0.3899 -0.6753 -0.626
33.4241 -28.3272 -39.8219 0.0413 0.923 0.1028 -0.7809 -0.6161
33.5557 -29.3272 -38.5324 0.0403 0.9159 0.1028 -0.7809 -0.6161
-39.251 -29.3272 -38.5324 0.3641 0.9168 -0.1028 -0.7809 -0.6161
37.7299 -27.1735 -39.8219 0.0234 0.9283 0.3899 -0.6753 -0.626
38.2476 -28.0701 -38.5324 0.0198 0.9223 0.3899 -0.6753 -0.626
33.5557 -29.3272 -38.5324 0.0403 0.9159 0.1028 -0.7809 -0.6161
40.7857 -24.1177 -39.8219 0.0112 0.9408 0.672 -0.3956 -0.626
41.6823 -24.6354 -38.5324 0.0053 0.9374 0.6755 -0.3945 -0.6229
38.2476 -28.0701 -38.5324 0.0198 0.9223 0.3899 -0.6753 -0.626
41.9395 -20.0577 -39.8219 0.0067 0.957 0.7884 -0.0125 -0.615
42.9395 -19.9348 -38.5324 0 0.9574 0.7897 0.0086 -0.6134
41.6823 -24.6354 -38.5324 0.0053 0.9374 0.6755 -0.3945 -0.6229
40.7857 -15.7518 -39.8219 0.0112 0.9741 0.6755 0.3898 -0.6259
41.6823 -15.2342 -38.5324 0.0053 0.9774 0.6754 0.3898 -0.626
42.9395 -19.9348 -38.5324 0 0.9574 0.7897 0.0086 -0.6134
37.7299 -12.6961 -39.8219 0.0235 0.9866 0.3899 0.6753 -0.626
38.2476 -11.7995 -38.5324 0.0198 0.9925 0.3899 0.6753 -0.626
41.6823 -15.2342 -38.5324 0.0053 0.9774 0.6754 0.3898 -0.626
33.4241 -11.5423 -39.8219 0.0414 0.992 0.1028 0.7809 -0.6161
33.5557 -10.5423 -38.5324 0.0403 0.9991 0.1028 0.7809 -0.6161
38.2476 -11.7995 -38.5324 0.0198 0.9925 0.3899 0.6753 -0.626
-39.1193 -11.5423 -39.8219 0.363 0.9929 -0.1028 0.7809 -0.6161
-39.251 -10.5423 -38.5324 0.3641 1 -0.1028 0.7809 -0.6161
33.5557 -10.5423 -38.5324 0.0403 0.9991 0.1028 0.7809 -0.6161
-43.4252 -12.6961 -39.8219 0.3809 0.9876 -0.3899 0.6753 -0.626
-43.9428 -11.7995 -38.5324 0.3845 0.9936 -0.3899 0.6753 -0.626
-39.251 -10.5423 -38.5324 0.3641 1 -0.1028 0.7809 -0.6161
-46.4809 -15.7518 -39.8219 0.3931 0.9751 -0.6753 0.3899 -0.626
-47.3775 -15.2342 -38.5324 0.399 0.9785 -0.6754 0.3899 -0.6259
-43.9428 -11.7995 -38.5324 0.3845 0.9936 -0.3899 0.6753 -0.626
-47.6347 -20.0577 -39.8219 0.3977 0.958 -0.7909 -0.0187 -0.6117
-48.6347 -19.9348 -38.5324 0.4044 0.9585 -0.7876 0.0046 -0.6162
-47.3775 -15.2342 -38.5324 0.399 0.9785 -0.6754 0.3899 -0.6259
-39.1193 -20.0577 -36.1951 0.781 0.9705 -0 -0 -1
-45.1302 -23.3243 -36.1951 0.8042 0.9584 -0 -0 -1
-46.0619 -20.0459 -36.1951 0.8074 0.9706 -0 -0 -1
33.4241 -20.0577 -36.1952 0.452 0.9705 -0 -0 -1
40.3666 -20.0459 -36.1952 0.4257 0.9706 -0 -0 -1
39.435 -23.3243 -36.1952 0.4289 0.9584 -0 -0 -1
33.2245 -13.0585 -36.1952 0.4518 1 -0 -0 -1
36.9451 -14.0555 -36.1952 0.4376 0.9938 -0 -0 -1
33.4241 -20.0577 -36.1952 0.452 0.9705 -0 -0 -1
-39.1193 -20.0577 -36.1951 0.781 0.9705 -0 0 -1
33.4241 -20.0577 -36.1952 0.452 0.9705 -0 0 -1
33.2245 -26.8111 -36.1952 0.4517 0.9421 -0 0 -1
33.4241 -20.0577 -36.1952 0.452 0.9705 -0 -0 -1
-39.1193 -20.0577 -36.1951 0.781 0.9705 -0 -0 -1
-38.9197 -13.0585 -36.1951 0.7813 1 -0 -0 -1
-39.1193 -20.0577 -36.1951 0.781 0.9705 -0 0 -1
-38.9197 -26.8111 -36.1951 0.7813 0.9421 -0 0 -1
-42.6404 -25.8141 -36.1951 0.7956 0.9483 -0 0 -1
-39.1193 -20.0577 -36.1951 0.781 0.9705 -0 0 -1
-42.6404 -25.8141 -36.1951 0.7956 0.9483 -0 0 -1
-45.1302 -23.3243 -36.1951 0.8042 0.9584 -0 0 -1
-42.6404 -14.0555 -36.1951 0.7955 0.9938 -0 -0 -1
-38.9197 -13.0585 -36.1951 0.7813 1 -0 -0 -1
-39.1193 -20.0577 -36.1951 0.781 0.9705 -0 -0 -1
-45.1216 -16.5367 -36.1951 0.8041 0.9837 -0 -0 -1
-42.6404 -14.0555 -36.1951 0.7955 0.9938 -0 -0 -1
-39.1193 -20.0577 -36.1951 0.781 0.9705 -0 -0 -1
39.4263 -16.5367 -36.1952 0.429 0.9837 -0 0 -1
40.3666 -20.0459 -36.1952 0.4257 0.9706 -0 0 -1
33.4241 -20.0577 -36.1952 0.452 0.9705 -0 0 -1
33.4241 -20.0577 -36.1952 0.452 0.9705 -0 -0 -1
36.9451 -14.0555 -36.1952 0.4376 0.9938 -0 -0 -1
39.4263 -16.5367 -36.1952 0.429 0.9837 -0 -0 -1
36.9451 -25.8141 -36.1952 0.4375 0.9483 -0 0 -1
33.2245 -26.8111 -36.1952 0.4517 0.9421 -0 0 -1
33.4241 -20.0577 -36.1952 0.452 0.9705 -0 0 -1
33.4241 -20.0577 -36.1952 0.452 0.9705 -0 0 -1
39.435 -23.3243 -36.1952 0.4289 0.9584 -0 0 -1
36.9451 -25.8141 -36.1952 0.4375 0.9483 -0 0 -1
-45.1302 -23.3243 -39.8219 0.3877 0.945 -0 -0 -1
-46.4809 -24.1177 -39.8219 0.3931 0.9418 -0 -0 -1
-47.6347 -20.0577 -39.8219 0.3977 0.958 -0 -0 -1
-42.6404 -25.8141 -39.8219 0.3776 0.9348 -0 0 -1
-43.4252 -27.1735 -39.8219 0.3809 0.9293 -0 0 -1
-46.4809 -24.1177 -39.8219 0.3931 0.9418 -0 0 -1
-38.9197 -26.8111 -39.8219 0.362 0.9304 -0 -0 -1
-39.1193 -28.3272 -39.8219 0.363 0.9239 -0 -0 -1
-43.4252 -27.1735 -39.8219 0.3809 0.9293 -0 -0 -1
33.2245 -26.8111 -39.8219 0.0423 0.9295 -0 -0 -1
33.4241 -28.3272 -39.8219 0.0413 0.923 -0 -0 -1
-39.1193 -28.3272 -39.8219 0.363 0.9239 -0 -0 -1
36.9451 -25.8141 -39.8219 0.0267 0.9339 -0 -0 -1
37.7299 -27.1735 -39.8219 0.0234 0.9283 -0 -0 -1
33.4241 -28.3272 -39.8219 0.0413 0.923 -0 -0 -1
39.435 -23.3243 -39.8219 0.0167 0.944 -0 0 -1
40.7857 -24.1177 -39.8219 0.0112 0.9408 -0 0 -1
37.7299 -27.1735 -39.8219 0.0234 0.9283 -0 0 -1
40.3666 -20.0459 -39.8219 0.013 0.957 -0 -0 -1
41.9395 -20.0577 -39.8219 0.0067 0.957 -0 -0 -1
40.7857 -24.1177 -39.8219 0.0112 0.9408 -0 -0 -1
39.4263 -16.5367 -39.8219 0.0167 0.971 -0 0 -1
40.7857 -15.7518 -39.8219 0.0112 0.9741 -0 0 -1
41.9395 -20.0577 -39.8219 0.0067 0.957 -0 0 -1
36.9451 -14.0555 -39.8219 0.0268 0.9811 -0 -0 -1
37.7299 -12.6961 -39.8219 0.0235 0.9866 -0 -0 -1
40.7857 -15.7518 -39.8219 0.0112 0.9741 -0 -0 -1
33.2245 -13.0585 -39.8219 0.0423 0.9855 -0 -0 -1
33.4241 -11.5423 -39.8219 0.0414 0.992 -0 -0 -1
37.7299 -12.6961 -39.8219 0.0235 0.9866 -0 -0 -1
-38.9197 -13.0585 -39.8219 0.3621 0.9864 -0 -0 -1
-39.1193 -11.5423 -39.8219 0.363 0.9929 -0 -0 -1
33.4241 -11.5423 -39.8219 0.0414 0.992 -0 -0 -1
-42.6404 -14.0555 -39.8219 0.3776 0.982 -0 -0 -1
-43.4252 -12.6961 -39.8219 0.3809 0.9876 -0 -0 -1
-39.1193 -11.5423 -39.8219 0.363 0.9929 -0 -0 -1
-45.1216 -16.5367 -39.8219 0.3876 0.972 -0 -0 -1
-46.4809 -15.7518 -39.8219 0.3931 0.9751 -0 -0 -1
-43.4252 -12.6961 -39.8219 0.3809 0.9876 -0 -0 -1
-46.0619 -20.0459 -39.8219 0.3914 0.958 -0 0 -1
-47.6347 -20.0577 -39.8219 0.3977 0.958 -0 0 -1
-46.4809 -15.7518 -39.8219 0.3931 0.9751 -0 0 -1
-45.1302 -23.3243 -36.1951 0.2195 0.7764 0.9619 0.2734 -0
-45.1302 -23.3243 -39.8219 0.2195 0.7921 0.9619 0.2734 -0
-46.0619 -20.0459 -39.8219 0.2048 0.7921 0.9619 0.2734 -0
-42.6404 -25.8141 -36.1951 0.2347 0.7764 0.7071 0.7071 -0
-42.6404 -25.8141 -39.8219 0.2347 0.7921 0.7071 0.7071 -0
-45.1302 -23.3243 -39.8219 0.2195 0.7921 0.7071 0.7071 -0
-38.9197 -26.8111 -36.1951 0.2514 0.7764 0.2588 0.9659 -0
-38.9197 -26.8111 -39.8219 0.2514 0.7921 0.2588 0.9659 -0
-42.6404 -25.8141 -39.8219 0.2347 0.7921 0.2588 0.9659 -0
33.2245 -26.8111 -36.1952 0.5625 0.7764 -0 1 -0
33.2245 -26.8111 -39.8219 0.5625 0.7921 -0 1 -0
-38.9197 -26.8111 -39.8219 0.2514 0.7921 -0 1 -0
36.9451 -25.8141 -36.1952 0.5791 0.7764 -0.2588 0.9659 0
36.9451 -25.8141 -39.8219 0.5791 0.7921 -0.2588 0.9659 0
33.2245 -26.8111 -39.8219 0.5625 0.7921 -0.2588 0.9659 0
39.435 -23.3243 -36.1952 0.5943 0.7764 -0.7071 0.7071 0
39.435 -23.3243 -39.8219 0.5943 0.7921 -0.7071 0.7071 0
36.9451 -25.8141 -39.8219 0.5791 0.7921 -0.7071 0.7071 0
40.3666 -20.0459 -36.1952 0.609 0.7764 -0.9619 0.2734 0
40.3666 -20.0459 -39.8219 0.609 0.7921 -0.9619 0.2734 0
39.435 -23.3243 -39.8219 0.5943 0.7921 -0.9619 0.2734 0
39.4263 -16.5367 -36.1952 0.6247 0.7764 -0.9659 -0.2588 0
39.4263 -16.5367 -39.8219 0.6247 0.7921 -0.9659 -0.2588 0
40.3666 -20.0459 -39.8219 0.609 0.7921 -0.9659 -0.2588 0
36.9451 -14.0555 -36.1952 0.6399 0.7764 -0.7071 -0.7071 0
36.9451 -14.0555 -39.8219 0.6399 0.7921 -0.7071 -0.7071 0
39.4263 -16.5367 -39.8219 0.6247 0.7921 -0.7071 -0.7071 0
33.2245 -13.0585 -36.1952 0.6565 0.7764 -0.2588 -0.9659 0
33.2245 -13.0585 -39.8219 0.6565 0.7921 -0.2588 -0.9659 0
36.9451 -14.0555 -39.8219 0.6399 0.7921 -0.2588 -0.9659 0
-38.9197 -13.0585 -36.1951 0.9682 0.7764 0 -1 0
-38.9197 -13.0585 -39.8219 0.9682 0.7921 0 -1 0
33.2245 -13.0585 -39.8219 0.6565 0.7921 0 -1 0
-42.6404 -14.0555 -36.1951 0.9848 0.7764 0.2588 -0.9659 -0
-42.6404 -14.0555 -39.8219 0.9848 0.7921 0.2588 -0.9659 -0
-38.9197 -13.0585 -39.8219 0.9682 0.7921 0.2588 -0.9659 -0
-45.1216 -16.5367 -36.1951 1 0.7764 0.7071 -0.7071 -0
-45.1216 -16.5367 -39.8219 1 0.7921 0.7071 -0.7071 -0
-42.6404 -14.0555 -39.8219 0.9848 0.7921 0.7071 -0.7071 -0
-46.0619 -20.0459 -36.1951 0.2048 0.7764 0.9659 -0.2588 -0
-46.0619 -20.0459 -39.8219 0.2048 0.7921 0.9659 -0.2588 -0
-45.1216 -16.5367 -39.8219 0.1892 0.7921 0.9659 -0.2588 -0
-48.6347 -19.9348 38.5324 0 0.6314 -1 0 0
-47.3775 -15.2342 38.5324 0 0.6336 -0.8661 0.4998 0
-47.3775 -15.2342 24.9418 0.1607 0.6336 -0.8661 0.4998 0
-48.6347 -19.9348 24.9418 0.1607 0.6314 -1 0 0
-47.3775 -24.6354 24.9418 0.1607 0.6336 -0.8661 -0.4998 0
-47.3775 -24.6354 38.5324 0 0.6336 -0.8661 -0.4998 0
-47.3775 -15.2342 38.5324 0 0.6336 -0.8661 0.4998 0
-43.9428 -11.7995 38.5324 0 0.6396 -0.5 0.866 0
-43.9428 -11.7995 24.9418 0.1607 0.6396 -0.5 0.866 0
-47.3775 -24.6354 24.9418 0.1607 0.6336 -0.8661 -0.4998 0
-43.9428 -28.0701 24.9418 0.1607 0.6396 -0.5 -0.866 0
-43.9428 -28.0701 38.5324 0 0.6396 -0.5 -0.866 0
-43.9428 -11.7995 38.5324 0 0.6396 -0.5 0.866 0
-39.251 -10.5423 38.5324 0 0.6479 -0.1305 0.9914 0
-39.251 -10.5423 24.9418 0.1607 0.6479 -0.1305 0.9914 0
-43.9428 -28.0701 24.9418 0.1607 0.6396 -0.5 -0.866 0
-39.251 -29.3272 24.9418 0.1607 0.6479 -0.1305 -0.9914 0
-39.251 -29.3272 38.5324 0 0.6479 -0.1305 -0.9914 0
-39.251 -10.5423 38.5324 0 0.6479 -0.1305 0.9914 0
33.5557 -10.5423 38.5324 0 0.7756 0.1305 0.9914 -0
33.5557 -10.5423 24.9418 0.1607 0.7756 0.1305 0.9914 -0
-39.251 -29.3272 24.9418 0.1607 0.6479 -0.1305 -0.9914 0
33.5557 -29.3272 24.9418 0.1607 0.7756 0.1305 -0.9914 0
33.5557 -29.3272 38.5324 0 0.7756 0.1305 -0.9914 0
33.5557 -10.5423 38.5324 0 0.7756 0.1305 0.9914 -0
38.2476 -11.7995 38.5324 0 0.7839 0.5 0.866 -0
38.2476 -11.7995 24.9418 0.1607 0.7839 0.5 0.866 -0
33.5557 -29.3272 24.9418 0.1607 0.7756 0.1305 -0.9914 0
38.2476 -28.0701 24.9418 0.1607 0.7839 0.5 -0.866 -0
38.2476 -28.0701 38.5324 0 0.7839 0.5 -0.866 -0
38.2476 -11.7995 38.5324 0 0.7839 0.5 0.866 -0
41.6823 -15.2342 38.5324 0 0.7899 0.8661 0.4998 -0
41.6823 -15.2342 24.9418 0.1607 0.7899 0.8661 0.4998 -0
38.2476 -28.0701 24.9418 0.1607 0.7839 0.5 -0.866 -0
41.6823 -24.6354 24.9418 0.1607 0.7899 0.8661 -0.4998 -0
41.6823 -24.6354 38.5324 0 0.7899 0.8661 -0.4998 -0
41.6823 -15.2342 38.5324 0 0.7899 0.8661 0.4998 -0
42.9395 -19.9348 38.5324 0 0.7921 1 0 -0
42.9395 -19.9348 24.9418 0.1607 0.7921 1 0 -0
41.6823 -24.6354 24.9418 0.1607 0.7899 0.8661 -0.4998 -0
42.9395 -19.9348 24.9418 0.1607 0.7921 1 0 -0
42.9395 -19.9348 38.5324 0 0.7921 1 0 -0
-46.0619 -20.0459 36.1952 0.8074 0.9706 0 0 1
-39.1193 -20.0577 36.1952 0.781 0.9705 0 0 1
-45.1216 -16.5367 36.1952 0.8041 0.9837 0 0 1
-43.9428 -28.0701 24.9418 0.0203 0.8189 -0 -0 -1
-47.3775 -24.6354 24.9418 0.0054 0.8337 -0 -0 -1
-48.6347 -19.9348 24.9418 0 0.854 -0 -0 -1
33.5557 -29.3272 24.9418 0.3548 0.8134 -0 -0 -1
-39.251 -29.3272 24.9418 0.0405 0.8134 -0 -0 -1
-43.9428 -28.0701 24.9418 0.0203 0.8189 -0 -0 -1
41.6823 -24.6354 24.9418 0.3899 0.8337 -0 -0 -1
38.2476 -28.0701 24.9418 0.375 0.8189 -0 -0 -1
33.5557 -29.3272 24.9418 0.3548 0.8134 -0 -0 -1
38.2476 -11.7995 24.9418 0.375 0.8891 -0 -0 -1
41.6823 -15.2342 24.9418 0.3899 0.8743 -0 -0 -1
42.9395 -19.9348 24.9418 0.3953 0.854 -0 -0 -1
-39.251 -10.5423 24.9418 0.0405 0.8945 -0 -0 -1
33.5557 -10.5423 24.9418 0.3548 0.8945 -0 -0 -1
38.2476 -11.7995 24.9418 0.375 0.8891 -0 -0 -1
-39.251 -10.5423 24.9418 0.0405 0.8945 -0 -0 -1
42.9395 -19.9348 24.9418 0.3953 0.854 -0 -0 -1
33.5557 -29.3272 24.9418 0.3548 0.8134 -0 -0 -1
-47.3775 -15.2342 24.9418 0.0054 0.8743 -0 -0 -1
-43.9428 -11.7995 24.9418 0.0203 0.8891 -0 -0 -1
-39.251 -10.5423 24.9418 0.0405 0.8945 -0 -0 -1
-46.4809 -24.1177 39.8219 0.3931 0.9418 -0.6768 -0.3919 0.6232
-47.6347 -20.0577 39.8219 0.3977 0.958 -0.7909 -0.0187 0.6117
-48.6347 -19.9348 38.5324 0.4044 0.9585 -0.7876 0.0046 0.6162
-43.4252 -27.1735 39.8219 0.3809 0.9293 -0.3899 -0.6753 0.626
-46.4809 -24.1177 39.8219 0.3931 0.9418 -0.6768 -0.3919 0.6232
-47.3775 -24.6354 38.5324 0.3991 0.9385 -0.6754 -0.3898 0.626
-39.1193 -28.3272 39.8219 0.363 0.9239 -0.1028 -0.7809 0.6161
-43.4252 -27.1735 39.8219 0.3809 0.9293 -0.3899 -0.6753 0.626
-43.9428 -28.0701 38.5324 0.3846 0.9234 -0.3899 -0.6753 0.626
33.4241 -28.3272 39.8219 0.0413 0.923 0.1028 -0.7809 0.6161
-39.1193 -28.3272 39.8219 0.363 0.9239 -0.1028 -0.7809 0.6161
-39.251 -29.3272 38.5324 0.3641 0.9168 -0.1028 -0.7809 0.6161
37.73 -27.1735 39.8219 0.0234 0.9283 0.3899 -0.6753 0.626
33.4241 -28.3272 39.8219 0.0413 0.923 0.1028 -0.7809 0.6161
33.5557 -29.3272 38.5324 0.0403 0.9159 0.1028 -0.7809 0.6161
40.7857 -24.1177 39.8219 0.0112 0.9408 0.672 -0.3956 0.626
37.73 -27.1735 39.8219 0.0234 0.9283 0.3899 -0.6753 0.626
38.2476 -28.0701 38.5324 0.0198 0.9223 0.3899 -0.6753 0.626
41.9395 -20.0577 39.8219 0.0067 0.957 0.7884 -0.0125 0.615
40.7857 -24.1177 39.8219 0.0112 0.9408 0.672 -0.3956 0.626
41.6823 -24.6354 38.5324 0.0053 0.9374 0.6755 -0.3945 0.6229
40.7857 -15.7518 39.8219 0.0112 0.9741 0.6755 0.3898 0.6259
41.9395 -20.0577 39.8219 0.0067 0.957 0.7884 -0.0125 0.615
42.9395 -19.9348 38.5324 0 0.9574 0.7897 0.0086 0.6134
37.73 -12.6961 39.8219 0.0235 0.9866 0.3899 0.6753 0.626
40.7857 -15.7518 39.8219 0.0112 0.9741 0.6755 0.3898 0.6259
41.6823 -15.2342 38.5324 0.0053 0.9774 0.6754 0.3898 0.626
33.4241 -11.5423 39.8219 0.0414 0.992 0.1028 0.7809 0.6161
37.73 -12.6961 39.8219 0.0235 0.9866 0.3899 0.6753 0.626
38.2476 -11.7995 38.5324 0.0198 0.9925 0.3899 0.6753 0.626
-39.1193 -11.5423 39.8219 0.363 0.9929 -0.1028 0.7809 0.6161
33.4241 -11.5423 39.8219 0.0414 0.992 0.1028 0.7809 0.6161
33.5557 -10.5423 38.5324 0.0403 0.9991 0.1028 0.7809 0.6161
-43.4252 -12.6961 39.8219 0.3809 0.9876 -0.3899 0.6753 0.626
-39.1193 -11.5423 39.8219 0.363 0.9929 -0.1028 0.7809 0.6161
-39.251 -10.5423 38.5324 0.3641 1 -0.1028 0.7809 0.6161
-46.4809 -15.7518 39.8219 0.3931 0.9751 -0.6753 0.3899 0.626
-43.4252 -12.6961 39.8219 0.3809 0.9876 -0.3899 0.6753 0.626
-43.9428 -11.7995 38.5324 0.3845 0.9936 -0.3899 0.6753 0.626
-47.6347 -20.0577 39.8219 0.3977 0.958 -0.7909 -0.0187 0.6117
-46.4809 -15.7518 39.8219 0.3931 0.9751 -0.6753 0.3899 0.626
-47.3775 -15.2342 38.5324 0.399 0.9785 -0.6754 0.3899 0.6259
-45.1302 -23.3243 36.1952 0.8042 0.9584 0 0 1
-39.1193 -20.0577 36.1952 0.781 0.9705 0 0 1
-46.0619 -20.0459 36.1952 0.8074 0.9706 0 0 1
40.3666 -20.0459 36.1951 0.4257 0.9706 0 0 1
33.4241 -20.0577 36.1951 0.452 0.9705 0 0 1
39.435 -23.3243 36.1951 0.4289 0.9584 0 0 1
36.9451 -14.0555 36.1951 0.4376 0.9938 0 0 1
33.2245 -13.0585 36.1951 0.4518 1 0 0 1
33.4241 -20.0577 36.1951 0.452 0.9705 0 0 1
-39.1193 -20.0577 36.1952 0.781 0.9705 0 0 1
-38.9197 -26.8111 36.1952 0.7813 0.9421 0 0 1
33.2245 -26.8111 36.1951 0.4517 0.9421 0 0 1
33.4241 -20.0577 36.1951 0.452 0.9705 0 0 1
33.2245 -13.0585 36.1951 0.4518 1 0 0 1
-38.9197 -13.0585 36.1952 0.7813 1 0 0 1
-38.9197 -26.8111 36.1952 0.7813 0.9421 0 0 1
-39.1193 -20.0577 36.1952 0.781 0.9705 0 0 1
-42.6404 -25.8141 36.1952 0.7956 0.9483 0 0 1
-42.6404 -25.8141 36.1952 0.7956 0.9483 0 0 1
-39.1193 -20.0577 36.1952 0.781 0.9705 0 0 1
-45.1302 -23.3243 36.1952 0.8042 0.9584 0 0 1
-38.9197 -13.0585 36.1952 0.7813 1 0 0 1
-42.6404 -14.0555 36.1952 0.7955 0.9938 0 0 1
-39.1193 -20.0577 36.1952 0.781 0.9705 0 0 1
-42.6404 -14.0555 36.1952 0.7955 0.9938 0 0 1
-45.1216 -16.5367 36.1952 0.8041 0.9837 0 0 1
-39.1193 -20.0577 36.1952 0.781 0.9705 0 0 1
40.3666 -20.0459 36.1951 0.4257 0.9706 0 0 1
39.4264 -16.5367 36.1951 0.429 0.9837 0 0 1
33.4241 -20.0577 36.1951 0.452 0.9705 0 0 1
36.9451 -14.0555 36.1951 0.4376 0.9938 0 0 1
33.4241 -20.0577 36.1951 0.452 0.9705 0 0 1
39.4264 -16.5367 36.1951 0.429 0.9837 0 0 1
33.2245 -26.8111 36.1951 0.4517 0.9421 0 0 1
36.9451 -25.8141 36.1951 0.4375 0.9483 0 0 1
33.4241 -20.0577 36.1951 0.452 0.9705 0 0 1
39.435 -23.3243 36.1951 0.4289 0.9584 0 0 1
33.4241 -20.0577 36.1951 0.452 0.9705 0 0 1
36.9451 -25.8141 36.1951 0.4375 0.9483 0 0 1
-45.1302 -23.3243 39.8219 0.3877 0.945 0 0 1
-46.0619 -20.0459 39.8219 0.3914 0.958 0 0 1
-47.6347 -20.0577 39.8219 0.3977 0.958 0 0 1
-42.6404 -25.8141 39.8219 0.3776 0.9348 0 0 1
-45.1302 -23.3243 39.8219 0.3877 0.945 0 0 1
-46.4809 -24.1177 39.8219 0.3931 0.9418 0 0 1
-38.9197 -26.8111 39.8219 0.362 0.9304 0 0 1
-42.6404 -25.8141 39.8219 0.3776 0.9348 0 0 1
-43.4252 -27.1735 39.8219 0.3809 0.9293 0 0 1
33.2245 -26.8111 39.8219 0.0423 0.9295 0 0 1
-38.9197 -26.8111 39.8219 0.362 0.9304 0 0 1
-39.1193 -28.3272 39.8219 0.363 0.9239 0 0 1
36.9451 -25.8141 39.8219 0.0267 0.9339 0 0 1
33.2245 -26.8111 39.8219 0.0423 0.9295 0 0 1
33.4241 -28.3272 39.8219 0.0413 0.923 0 0 1
39.435 -23.3243 39.8219 0.0167 0.944 0 0 1
36.9451 -25.8141 39.8219 0.0267 0.9339 0 0 1
37.73 -27.1735 39.8219 0.0234 0.9283 0 0 1
40.3666 -20.0459 39.8219 0.013 0.957 0 0 1
39.435 -23.3243 39.8219 0.0167 0.944 0 0 1
40.7857 -24.1177 39.8219 0.0112 0.9408 0 0 1
39.4264 -16.5367 39.8219 0.0167 0.971 0 0 1
40.3666 -20.0459 39.8219 0.013 0.957 0 0 1
41.9395 -20.0577 39.8219 0.0067 0.957 0 0 1
36.9451 -14.0555 39.8219 0.0268 0.9811 0 0 1
39.4264 -16.5367 39.8219 0.0167 0.971 0 0 1
40.7857 -15.7518 39.8219 0.0112 0.9741 0 0 1
33.2245 -13.0585 39.8219 0.0423 0.9855 0 0 1
36.9451 -14.0555 39.8219 0.0268 0.9811 0 0 1
37.73 -12.6961 39.8219 0.0235 0.9866 0 0 1
-38.9197 -13.0585 39.8219 0.3621 0.9864 0 0 1
33.2245 -13.0585 39.8219 0.0423 0.9855 0 0 1
33.4241 -11.5423 39.8219 0.0414 0.992 0 0 1
-42.6404 -14.0555 39.8219 0.3776 0.982 0 0 1
-38.9197 -13.0585 39.8219 0.3621 0.9864 0 0 1
-39.1193 -11.5423 39.8219 0.363 0.9929 0 0 1
-45.1216 -16.5367 39.8219 0.3876 0.972 0 0 1
-42.6404 -14.0555 39.8219 0.3776 0.982 0 0 1
-43.4252 -12.6961 39.8219 0.3809 0.9876 0 0 1
-46.0619 -20.0459 39.8219 0.3914 0.958 0 0 1
-45.1216 -16.5367 39.8219 0.3876 0.972 0 0 1
-46.4809 -15.7518 39.8219 0.3931 0.9751 0 0 1
-45.1302 -23.3243 36.1952 0.2195 0.7764 0.9619 0.2734 -0
-46.0619 -20.0459 36.1952 0.2048 0.7764 0.9619 0.2734 -0
-46.0619 -20.0459 39.8219 0.2048 0.7921 0.9619 0.2734 -0
-42.6404 -25.8141 36.1952 0.2347 0.7764 0.7071 0.7071 -0
-45.1302 -23.3243 36.1952 0.2195 0.7764 0.7071 0.7071 -0
-45.1302 -23.3243 39.8219 0.2195 0.7921 0.7071 0.7071 -0
-38.9197 -26.8111 36.1952 0.2514 0.7764 0.2588 0.9659 -0
-42.6404 -25.8141 36.1952 0.2347 0.7764 0.2588 0.9659 -0
-42.6404 -25.8141 39.8219 0.2347 0.7921 0.2588 0.9659 -0
33.2245 -26.8111 36.1951 0.5625 0.7764 -0 1 -0
-38.9197 -26.8111 36.1952 0.2514 0.7764 -0 1 -0
-38.9197 -26.8111 39.8219 0.2514 0.7921 -0 1 -0
36.9451 -25.8141 36.1951 0.5791 0.7764 -0.2588 0.9659 0
33.2245 -26.8111 36.1951 0.5625 0.7764 -0.2588 0.9659 0
33.2245 -26.8111 39.8219 0.5625 0.7921 -0.2588 0.9659 0
39.435 -23.3243 36.1951 0.5943 0.7764 -0.7071 0.7071 0
36.9451 -25.8141 36.1951 0.5791 0.7764 -0.7071 0.7071 0
36.9451 -25.8141 39.8219 0.5791 0.7921 -0.7071 0.7071 0
40.3666 -20.0459 36.1951 0.609 0.7764 -0.9619 0.2734 0
39.435 -23.3243 36.1951 0.5943 0.7764 -0.9619 0.2734 0
39.435 -23.3243 39.8219 0.5943 0.7921 -0.9619 0.2734 0
39.4264 -16.5367 36.1951 0.6247 0.7764 -0.9659 -0.2588 0
40.3666 -20.0459 36.1951 0.609 0.7764 -0.9659 -0.2588 0
40.3666 -20.0459 39.8219 0.609 0.7921 -0.9659 -0.2588 0
36.9451 -14.0555 36.1951 0.6399 0.7764 -0.7071 -0.7071 0
39.4264 -16.5367 36.1951 0.6247 0.7764 -0.7071 -0.7071 0
39.4264 -16.5367 39.8219 0.6247 0.7921 -0.7071 -0.7071 0
33.2245 -13.0585 36.1951 0.6565 0.7764 -0.2588 -0.9659 0
36.9451 -14.0555 36.1951 0.6399 0.7764 -0.2588 -0.9659 0
36.9451 -14.0555 39.8219 0.6399 0.7921 -0.2588 -0.9659 0
-38.9197 -13.0585 36.1952 0.9682 0.7764 0 -1 0
33.2245 -13.0585 36.1951 0.6565 0.7764 0 -1 0
33.2245 -13.0585 39.8219 0.6565 0.7921 0 -1 0
-42.6404 -14.0555 36.1952 0.9848 0.7764 0.2588 -0.9659 -0
-38.9197 -13.0585 36.1952 0.9682 0.7764 0.2588 -0.9659 -0
-38.9197 -13.0585 39.8219 0.9682 0.7921 0.2588 -0.9659 -0
-45.1216 -16.5367 36.1952 1 0.7764 0.7071 -0.7071 -0
-42.6404 -14.0555 36.1952 0.9848 0.7764 0.7071 -0.7071 -0
-42.6404 -14.0555 39.8219 0.9848 0.7921 0.7071 -0.7071 -0
-46.0619 -20.0459 36.1952 0.2048 0.7764 0.9659 -0.2588 -0
-45.1216 -16.5367 36.1952 0.1892 0.7764 0.9659 -0.2588 -0
-45.1216 -16.5367 39.8219 0.1892 0.7921 0.9659 -0.2588 -0
